"Btsy_1788.rtf" "Conclusion_1788.rtf" "Emma_1788.rtf" "MadamDslz_1788.rtf" "MadamoiselleDuPar_1788.rtf" "MissBetsyClrke_1788.rtf" "MissBetsyHdsn_1788.rtf" "MissBetsyHstng_1788.rtf" "MissBetsyRlns_1788.rtf" "MissBlke_1788.rtf" "MissBltn_1788.rtf" "MissBnd_1788.rtf" "MissBrn_1788.rtf" "MissBrwn_1788.rtf" "MissBrwn2_1788.rtf" "MissCharlotteCsdl_1788.rtf" "MissCharlotteCttn_1788.rtf" "MissChld_1788.rtf" "MissClnton_1788.rtf" "MissClrk_1788.rtf" "MissCp_1788.rtf" "MissCpr_1788.rtf" "MissCrbt_1788.rtf" "MissDglss_1788.rtf" "MissDvnprt_1788.rtf" "MissDvnshre_1788.rtf" "MissElizabethWtkns_1788.rtf" "MissElizaWbstr_1788.rtf" "MissEmmaElltt_1788.rtf" "MissFannyCortny_1788.rtf" "MissFannyHnly_1788.rtf" "MissFrsr_1788.rtf" "MissGrce_1788.rtf" "MissGrdner_1788.rtf" "MissGrge_1788.rtf" "MissGrn_1788.rtf" "MissHarrietBrn_1788.rtf" "MissHarrietJns_1788.rtf" "MissHarrietLld_1788.rtf" "MissHlln_1788.rtf" "MissHllnd_1788.rtf" "MissHllngbrg_1788.rtf" "MissHrdy_1788.rtf" "MissJennyHbrd_1788.rtf" "MissJhntn_1788.rtf" "MissJnes_1788.rtf" "MissJnsn_1788.rtf" "MissKlpn_1788.rtf" "MissKn_1788.rtf" "MissLcs_1788.rtf" "MissLndsy_1788.rtf" "MissLnsy_1788.rtf" "MissLouiaMnsn_1788.rtf" "MissLstr_1788.rtf" "MissLvr_1788.rtf" "MissLws_1788.rtf" "MissMlswrth_1788.rtf" "MissMltn_1788.rtf" "MissMntn_1788.rtf" "MissMrrs_1788.rtf" "MissNancyDvs_1788.rtf" "MissNble_1788.rtf" "MissPhoebeBrn_1788.rtf" "MissPmbrke_1788.rtf" "MissRbnsn_1788.rtf" "MissRchrdsn_1788.rtf" "MissRfs_1788.rtf" "MissSarahSddns_1788.rtf" "MissSms_1788.rtf" "MissSphiaMrtn_1788.rtf" "MissSpncr_1788.rtf" "MissTfn_1788.rtf" "MissTrbt_1788.rtf" "MissTwnsdn_1788.rtf" "MissWd_1788.rtf" "MissWlknsn_1788.rtf" "MissWllms_1788.rtf" "MissWlsn_1788.rtf" "MissWrnr_1788.rtf" "MrsAntrbs_1788.rtf" "MrsCharlotteFne_1788.rtf" "MrsChshline_1788.rtf" "MrsCrsby_1788.rtf" "MrsDd_1788.rtf" "MrsDfld_1788.rtf" "MrsGrffn_1788.rtf" "MrsHrvy_1788.rtf" "MrsHwrd.rtf" "MrsNtn_1788.rtf" "MrsSttn_1788i.rtf" "MrsWd_1788.rtf" "MrsWrd_1788.rtf" "MrsWtpl_1788.rtf"
"Btsy_1788.rtf" 0 1.64103319125431 0.586149540570473 0.505977950880742 0.889752161794967 1.39494054258153 0.63535883049611 0.397334227405929 1.23803938567891 0.357503029135076 1.04525133899183 0.985653973033746 2.48414031925508 1.36678428490205 0.671868621432508 1.4292228427361 0.631356904572523 0.870962048128612 2.68450709143162 3.01205527534947 0.535688666108456 0.999301333482647 1.17392372806907 3.13730228421291 0.301010703654733 1.15893208801142 1.29063583567588 0.587698361112387 1.19432966693468 2.25601406698716 1.62573005929149 1.59329264465188 0.888873115865237 1.2056000258856 1.15872517221284 1.23022500294637 1.34646901419857 0.782108807173781 0.851384602791905 0.630588211749081 2.15302191308606 1.30437777261201 2.36394563177455 1.07464882409472 0.940187661988586 0.485659024773744 2.34062294496605 0.552840793655549 0.908398561056864 2.07190352367519 1.20457471944498 2.3742290952333 0.884989772907787 0.562346675207952 2.09205057859163 1.78450586119017 1.74473991033358 1.60743541661187 0.845168870241035 1.28055042522193 0.778117783742562 2.32080546762051 0.442742736385839 0.770449842749713 0.741801042602458 2.24351914484406 1.26583398998792 0.513044647699506 1.37252329133566 1.6416204211582 1.75716249853613 1.11214839885222 2.20895826022519 0.812572249949464 1.88147180745382 0.729695639947423 0.647526345461501 0.779487922729885 1.81970466566978 0.583934495481586 1.42249579534986 1.2309202486671 0.408285469888929 0.378693388838265 0.634317648471685 1.17356936304434 0.391187774186736 1.27504015774952 0.500797832230356 1.50818158674096 1.53388710949997 1.73405293851909 2.23052024719322
"Conclusion_1788.rtf" 1.64103319125431 0 1.37087228777675 1.46003590190974 0.948515810457627 0.662553662851579 1.19689237686705 1.38339525063199 0.680841598219508 1.48874838103911 1.06852231533891 1.09379444408755 1.10431532403313 0.589297498993323 1.18956867332189 0.466203245737549 1.48001241820394 1.15858396216009 1.37676492869888 1.6898896537799 1.22450647089955 0.931261175633643 1.09295498091414 1.78651012721243 1.6735446522224 0.971024159439087 0.749689720155527 1.34097022864572 0.901067715430687 0.809232597590679 0.695663025890832 0.34712033004649 1.06017336449887 0.94138567934041 0.96242634226669 0.775860634353491 0.486236472947744 1.06264843562357 1.02147975695386 1.19229720339502 0.78035453556972 0.679514156810825 0.951263694125433 0.945355854889738 1.32476427280334 1.4155659488748 1.09663793760081 1.90001735438696 1.11867012230628 0.82725694953929 0.931820782266793 0.993655888473946 1.125978788004 1.29247141050621 0.634961439548557 0.519803409561254 0.291146640346527 0.58792917600378 1.004217072492 0.911320137125764 1.14213926801708 0.955658751682055 1.43291481637204 1.07430270558851 1.45500716958002 0.86073977513462 0.656207500290879 1.41532379306295 0.557578554996722 0.726019955893458 0.402967259785873 0.915409861147066 1.07515777970515 1.12021650404273 0.499803254991337 1.07181779916794 1.35796422733629 1.20416980544546 0.389905409568921 1.21026389430592 0.340201026985881 0.76630442958042 1.61855385325153 1.42808874164939 1.33890542716236 0.962272314405671 1.45587474259212 0.729037679905749 1.50278611461587 0.468376184388419 0.382569962278193 0.600548189683642 0.830439885410703
"Emma_1788.rtf" 0.586149540570473 1.37087228777675 0 0.358911377499655 0.654690940895853 0.956203876540476 0.394329675848627 0.364862714533093 0.958009035458848 0.436608378110235 0.780075914775107 0.650237635796544 2.1685218983671 1.10380539086777 0.516262793440762 1.23210595866606 0.314321671510094 0.809171461893461 2.43465935535456 2.80455597290582 0.321841046346285 0.824465676058131 0.895414976009013 2.85309757894667 0.665573189004885 0.772435704288979 1.11190096345797 0.358911229415611 0.961943921300324 1.89447307780119 1.27271196521358 1.43253872691766 0.655430438972236 0.990774785769701 0.919965242581595 0.835025877461374 1.1679393238272 0.511024975279491 0.631288251554287 0.325595729978239 1.83445493755562 0.986669552504412 2.09405467116183 0.788327112200281 0.792978019179826 0.263697960637772 2.06689853509522 0.835577111398002 0.643094751220355 1.74719628264325 0.857291394368908 2.04930442645473 0.617609781043347 0.192286436532213 1.77827254471535 1.66814525608203 1.51272250316684 1.48375377810358 0.632398300645765 1.03096254557935 0.533985969893949 2.06786327690566 0.406529446178866 0.489503466687071 0.573024972887202 1.97540609426055 1.19656303627958 0.262816677415732 1.01022726259749 1.23245388231722 1.55439140023221 0.904071413757422 2.22080134542395 0.71707290939687 1.63294811591287 0.414103677340284 0.308455242988685 0.608654144788558 1.53187994949197 0.357676446904382 1.06139499172571 0.95755977239864 0.647878339789021 0.406620448461138 0.316751094948201 0.881327133421399 0.37088196549349 1.0202423129635 0.432791417481438 1.12163729215573 1.36273135902524 1.41710066297801 1.86847582015198
"MadamDslz_1788.rtf" 0.505977950880742 1.46003590190974 0.358911377499655 0 0.659357080687534 1.06091373987021 0.414531525547826 0.391109963203247 1.0663710901206 0.474119967642099 0.733844267689885 0.653633374442314 2.26136372300281 1.07987285263318 0.432922740860983 1.2497438279209 0.439370027611376 0.660361506768133 2.4672653905436 2.83230700853066 0.348165002877372 0.697672379666197 0.785105686105563 2.89323213187104 0.633821383516843 0.986696711659394 1.1694555392684 0.392771153020066 0.922192206036799 2.00021955631706 1.3198087639648 1.36253569722645 0.66946357039678 0.956720386615363 0.88056046946354 0.981252572913876 1.16166839654666 0.630251348934398 0.578567012849302 0.497651356563312 1.89943778187248 1.10343080092739 2.15532529022088 0.765399537559753 0.695492962548286 0.222117070606624 2.07544866024262 0.809530479097551 0.607329002974991 1.77654501489694 0.926446624384268 2.20025278528292 0.671084745615382 0.352510061002046 1.96946654394482 1.53273125262703 1.51697052105001 1.31538363122021 0.655720473986222 1.1006949895155 0.538531137673035 1.9964038677249 0.506665231608683 0.521584211395707 0.482228210628264 1.98306559576424 1.12385602892958 0.28118653697444 1.20067787419183 1.25277989094385 1.57699387234294 0.903528057298545 2.1184582312346 0.675772121117701 1.60661987993257 0.567813084134356 0.464791462910658 0.62422361407316 1.6167826550921 0.418517703694728 1.21328388030222 1.07689630868118 0.635000145516038 0.425557185250472 0.353335451598729 0.862469435558868 0.53766654213395 1.0791962325039 0.405015107722935 1.23489444115769 1.34554079852153 1.46786922404215 2.07719600150106
"MadamoiselleDuPar_1788.rtf" 0.889752161794967 0.948515810457627 0.654690940895853 0.659357080687534 0 0.608694542668507 0.512645077328507 0.772635458818228 0.540189954466688 0.779070782418323 0.402560241805688 0.464012099855485 1.83808086264093 0.689056881848189 0.518990742130162 0.842094500907352 0.809596217691434 0.348174552650263 1.93316518193366 2.41987885771478 0.580389416037725 0.407082258317683 0.380131284632182 2.43485775875677 0.952931585875887 0.430744599193125 0.601159594146153 0.716530109967094 0.483406320950341 1.58804621159289 0.781137857290608 1.11425079839297 0.399877914564897 0.557698523969969 0.482306195674591 0.530999699549932 0.756453011172316 0.465542451745974 0.317641878540186 0.573340680142509 1.47966402062802 0.661305590873671 1.64227571698091 0.375390927298694 0.487659632718558 0.623869317695083 1.63691708271279 1.14944346014987 0.299986250168614 1.33085141600146 0.38401820803121 1.72648700526469 0.39498196561667 0.676451607974449 1.44415216534611 1.17745387317202 1.08763059786962 1.01481598896105 0.332478356734135 0.640954035753856 0.419413955358937 1.59012514004141 0.807777864368214 0.349011238187022 0.808583761206487 1.52399130924402 0.749841024240661 0.676947593782317 0.672870621352455 0.868550911732168 1.02562228829795 0.442214447528456 1.68640718170362 0.423071279759898 1.28114549995832 0.406274756686243 0.694830093284335 0.388278374532921 1.14546808341528 0.443249734631235 0.723655696383575 0.618205858540471 0.940278009194192 0.732261556039751 0.678410632474197 0.519049271548825 0.834275016786973 0.555084493066468 0.680009999752468 0.793619566807227 0.864008287592068 1.0884012401175 1.49191741568842
"MissBetsyClrke_1788.rtf" 1.39494054258153 0.662553662851579 0.956203876540476 1.06091373987021 0.608694542668507 0 0.851002801223771 1.11987259660615 0.392012672188509 1.13855473588284 0.671854030746686 0.776996556644329 1.49000919136452 0.347953238013331 0.960339879738513 0.501695708156668 1.02437740318815 0.729388359455573 1.7198779569682 2.0526737691056 0.899244829347812 0.510921701010527 0.620056297146142 2.11529433463128 1.35951257301606 0.558237772410585 0.43329282839507 1.06457962288377 0.43803852947363 1.06586292808621 0.494936166994313 0.680144168402569 0.761518227497917 0.528072783503768 0.396550220821892 0.427355117824164 0.488276539305216 0.737701036882843 0.558478902065763 0.858768701173708 1.15575243742328 0.441831252370298 1.32262067857108 0.528068760688106 0.915349189412684 0.92892666151776 1.38154212075107 1.54399934077561 0.63667947779765 1.02960575453843 0.467183939416803 1.36492344390223 0.667451519645901 0.983392425678098 1.11006340278714 0.998431211409715 0.748993580031154 0.745642399653793 0.637469543853453 0.471132179489322 0.760395108848318 1.18878231585014 1.12332528230047 0.686747680783245 1.09674484228989 1.14321715083629 0.408963941441655 0.975302645261086 0.280770553426077 0.542709484499663 0.924758747308521 0.492800804631731 1.57469151460402 0.796553587020392 0.942086820796001 0.805296522484819 1.03114331528715 0.816096809581741 0.825365045066923 0.966782059048156 0.467024539750689 0.396897258856244 1.36173831094841 1.10476325756319 0.961363090280165 0.594361923553649 1.1454429433648 0.417640521162001 1.11800493212165 0.347948475317447 0.687374922257438 0.866227443176725 1.31819784618858
"MissBetsyHdsn_1788.rtf" 0.63535883049611 1.19689237686705 0.394329675848627 0.414531525547826 0.512645077328507 0.851002801223771 0 0.369938527653794 0.720966996920518 0.502288386875607 0.64998957598522 0.537732184537418 2.02415557625341 0.891195841467447 0.299843702556185 1.01214992145483 0.507544623155967 0.501922660963785 2.2734724162686 2.56774632864541 0.229225286591964 0.672981497285479 0.666080416326606 2.77872948784255 0.693298524168347 0.641859699253028 0.867596963781145 0.361214657212627 0.663174778324933 1.78048938618419 1.02377203786033 1.3378272247676 0.45265892332877 0.879683796949692 0.728927783889764 0.753552249622713 0.998296061022612 0.271652924549513 0.433582932407934 0.176756010395264 1.73059031884507 0.90385369722169 1.92035029010499 0.636023144275676 0.587762120446782 0.324524433831712 1.99762737711688 0.817734584458728 0.564215775375719 1.59729231939427 0.689506590481693 1.91349614069422 0.425430202752762 0.304500986708034 1.59028961030231 1.38929440961815 1.24589016827437 1.19628961467612 0.428996104347022 0.918140516725636 0.263075362650246 1.79807322994687 0.44521538411152 0.206894538043574 0.493638644131975 1.6307751449896 0.976341523726099 0.362426193343286 0.908103121902146 1.18388788884208 1.44783883974087 0.702423075437417 2.02451748659974 0.465481102856165 1.49202261562146 0.205651465796801 0.411741665129577 0.461885779614372 1.3162105131679 0.276273213811969 1.03658701784316 0.852215250061743 0.673469545082908 0.454848446063841 0.423268346144405 0.91557321995948 0.50884401622098 0.870695164188873 0.50777884065414 0.968866198397346 1.10634270106218 1.4561931291588 1.83623737605699
"MissBetsyHstng_1788.rtf" 0.397334227405929 1.38339525063199 0.364862714533093 0.391109963203247 0.772635458818228 1.11987259660615 0.369938527653794 0 0.97939675058219 0.364852568763545 0.78762934206984 0.693086363862706 2.26003667055174 1.16353812690803 0.385322656710862 1.21278429696729 0.416059034458097 0.726240019197945 2.45591042460626 2.78352058723549 0.332639014774993 0.799610871160185 0.946199786550245 3.01461058214088 0.434145211233276 0.9002894529147 1.05243713223962 0.269523268333711 0.981995039396313 1.9887736668298 1.36708742419477 1.44176018582208 0.635004984799736 1.08225173411021 0.953130919708071 0.919894735166264 1.18475825374234 0.520944245023948 0.653118984294068 0.378335073512278 1.8941876053636 1.08181016847347 2.17595260929057 0.824586200034031 0.744516624158489 0.347720025197378 2.1566566915857 0.677467136085514 0.783240263974422 1.83168719168931 0.893357957590096 2.14937723499256 0.692311039209051 0.326568694190336 1.84842526136446 1.68564157322009 1.46437682135924 1.45783246152859 0.648457831918695 1.06411213970007 0.56429787788161 2.12166879354749 0.278366197962413 0.55711184081012 0.594527044803898 1.99051130020412 1.14369233412842 0.293439170075409 1.11462132315386 1.46391050394123 1.60227464033971 0.958025394622998 2.16253392047192 0.570975384497615 1.63958614623432 0.467768688440063 0.400203938001032 0.628374649129131 1.54442256690352 0.498136866330447 1.21948684817968 1.08280298739059 0.540050217808325 0.30614415203041 0.39663881254501 1.05485576772078 0.234426260735861 1.01487737259816 0.387258286507034 1.24245207274115 1.35591434190788 1.61802433628345 1.99718808011352
"MissBetsyRlns_1788.rtf" 1.23803938567891 0.680841598219508 0.958009035458848 1.0663710901206 0.540189954466688 0.392012672188509 0.720966996920518 0.97939675058219 0 0.999328276744464 0.639651670238691 0.635447469437954 1.48916206371487 0.518138022219962 0.77743717681405 0.553455269245435 1.00565891890623 0.645611561593223 1.78600638802507 2.05683460210103 0.831621867165161 0.442123984894969 0.580199339609204 2.18657945715496 1.29569510474154 0.416049734099725 0.310277830424508 0.925480042015484 0.415608638995379 1.26957765963981 0.387690673612577 0.879132572558207 0.615209415599638 0.317688112633115 0.445502245443066 0.325098596372206 0.539601408813222 0.574013943925104 0.628396280543046 0.674943393954435 1.16252207415165 0.401664563926395 1.37572774371242 0.441224803178491 0.743350581271158 0.975794560489228 1.43918816627748 1.46931975704898 0.5986802211906 1.19420189786042 0.413351275291497 1.45480148848483 0.620061701116837 0.916006694539981 1.03697280149764 1.04011816310726 0.649930084411561 0.70594351923335 0.489229705415001 0.273773411703058 0.70108793198388 1.33782629026398 0.99606916352312 0.632731018381922 0.991088488953394 1.22768472345575 0.496057704341429 0.929830540761791 0.341852214253391 0.660668567736144 0.954343968857683 0.389603944862602 1.55940775783146 0.632965862538538 0.899872584933873 0.56321497619454 0.96773083889052 0.733182103465057 0.84481927399444 0.795581466938951 0.515985775135091 0.392431199026742 1.27858641691028 1.00037239065491 0.888809999129056 0.497125966558856 1.11708366994026 0.364079257886666 1.0704382770427 0.570608516279085 0.667327597533448 0.891037810191728 1.35119547910245
"MissBlke_1788.rtf" 0.357503029135076 1.48874838103911 0.436608378110235 0.474119967642099 0.779070782418323 1.13855473588284 0.502288386875607 0.364852568763545 0.999328276744464 0 0.944218746296123 0.743583395081404 2.32027211002298 1.30091714221449 0.594142173111421 1.3679494139647 0.34078041886458 0.862640514637665 2.53936746264933 2.93266902727439 0.459023949882397 0.907414877766595 0.968755533529143 2.89826452380756 0.399680829511006 0.973572579309707 1.11928562501557 0.543142925286597 1.03929021551411 2.038033552488 1.37738024841021 1.59368898676672 0.795502224341443 1.1264291343109 1.06029660938601 0.946840956557921 1.28611295009168 0.567298760464834 0.769294380716744 0.453950979541114 2.00977824025049 1.21428986063247 2.09378314744709 0.931924269447997 0.923272577390335 0.351343011113416 2.22831369384898 0.643826077350685 0.760360428474608 1.99461291777855 1.07925926271291 2.25234191832204 0.76157939841495 0.465350390582523 1.91059727085172 1.77906671048339 1.55956309319598 1.51900120659737 0.701942354697298 1.1121244859817 0.621124224792038 2.11125673143291 0.194698913207082 0.588953557969165 0.599197981246796 2.10351914862911 1.24426868540857 0.328545840004848 1.17023948890458 1.45475035269718 1.67830675223569 0.9605546969341 2.29473407885539 0.806098025427533 1.72388600795926 0.54741070512662 0.460215684719516 0.707538944798479 1.70172368972032 0.52283823861283 1.25836913924764 1.1394446972606 0.455746409932957 0.22416184914717 0.397509752395862 1.06330685171447 0.296298830244162 1.16797580311134 0.353150872657827 1.38220596008885 1.48998483397365 1.67805036282604 2.13522178237301
"MissBltn_1788.rtf" 1.04525133899183 1.06852231533891 0.780075914775107 0.733844267689885 0.402560241805688 0.671854030746686 0.64998957598522 0.78762934206984 0.639651670238691 0.944218746296123 0 0.413266620460932 1.89977910454143 0.812797566068112 0.615397228807268 0.776586575634273 0.824696866417719 0.399209307035581 1.90724309590283 2.30889032666858 0.67738295538641 0.334145675233616 0.351560819132482 2.49703697551608 1.06014650704839 0.424125353230047 0.698794846996503 0.83529175249758 0.479522175503451 1.43240996790309 0.890923324510113 0.970302288918393 0.302370732230888 0.636517072314227 0.53337478942476 0.490663861546827 0.834260952661371 0.491964800885931 0.338597838611249 0.651259688637517 1.43714740186354 0.769234780814665 1.67015504265156 0.396069045598521 0.483743874306135 0.728027279534551 1.73447554611645 1.25820980873753 0.478657314783149 1.46457755287868 0.550501008709218 1.78765242426165 0.440460262971188 0.736341185795508 1.51424467507941 1.29431016333621 1.00134342984717 0.99328026058483 0.317739694489439 0.700397896675541 0.525768486252642 1.61166495189581 0.909914626896032 0.558705431700184 0.800007539217387 1.53264729347872 0.720929591764634 0.793186874474943 0.682399645905688 1.02824902073535 1.29597028645164 0.388354710152857 1.83236105731231 0.460562136644005 1.28945699839822 0.490301087483129 0.815608399782086 0.492252250972184 1.17978424934135 0.61205359818892 0.878038510222283 0.713008953180495 1.13152481890108 0.978070179247439 0.744994186712896 0.555086081637561 0.932094820120279 0.467139266622861 0.85415278772174 0.870563851574989 1.16397526163234 1.14327012179446 1.66148125348488
"MissBnd_1788.rtf" 0.985653973033746 1.09379444408755 0.650237635796544 0.653633374442314 0.464012099855485 0.776996556644329 0.537732184537418 0.693086363862706 0.635447469437954 0.743583395081404 0.413266620460932 0 1.89686486126465 0.879075740489753 0.468240231573825 0.908864743993606 0.618645106462692 0.515849325346033 2.06160174872572 2.43634516768759 0.548494880221644 0.469034646374018 0.400769152547952 2.46112665349797 0.972303018847976 0.502095104871361 0.724598236159858 0.726730230446752 0.616280233814189 1.693071546465 0.843895925485092 1.17003232419028 0.270346241463876 0.726813676110761 0.732813109561686 0.495721848327894 0.882082036969112 0.289524958288762 0.335637841578467 0.541982307084933 1.49857303977547 0.785452570600637 1.76669768992481 0.429864774100652 0.352666981818731 0.677185680165381 1.85215784232109 1.13362334864478 0.420371975120008 1.56254758024042 0.468442280838627 1.84802958262813 0.32065367067174 0.58105105458099 1.60872331203198 1.36114960857342 1.02955537094702 1.13388675127804 0.374886423814142 0.693936678551236 0.444189877762956 1.78292489043141 0.666480389295357 0.421074787354378 0.675036529358383 1.65509421712282 0.912469988001171 0.59318912541345 0.780210086222269 1.10155519579155 1.23832602207372 0.562705327157783 1.97161791431253 0.426421929010869 1.20127082295166 0.363819721103616 0.564505796904548 0.355975558378014 1.21687157734504 0.437316879747681 0.934984213168865 0.74615085650319 0.868604641688557 0.728467958389244 0.536756947942217 0.584650338656505 0.848291524567257 0.776978376457573 0.735469475608611 0.975188706619632 1.15433414509975 1.32323525371141 1.675957175367
"MissBrn_1788.rtf" 2.48414031925508 1.10431532403313 2.1685218983671 2.26136372300281 1.83808086264093 1.49000919136452 2.02415557625341 2.26003667055174 1.48916206371487 2.32027211002298 1.89977910454143 1.89686486126465 0 1.2689699213964 2.02641695381542 1.18190908493188 2.25997547734917 1.95959409775407 0.55755274446234 0.884870929612168 2.03233622853736 1.66300882033547 1.81276122101679 0.883692076202401 2.53313713281226 1.75917758361765 1.60934988398352 2.32692118419374 1.65804182520866 0.620004732526863 1.46914219076152 1.09833049842933 1.89790815418146 1.64208607553304 1.67806412685065 1.65668421039427 1.18854434674901 1.9137580924713 1.79336257865224 2.0681942141975 0.728675526235658 1.58494267925702 0.325587410250763 1.65649862711527 1.92776269645161 2.1701700004138 0.437535547757045 2.76655188921186 1.86015651120918 1.00320808773018 1.71772086678538 0.170039120907294 1.85402347830702 2.12790690510815 0.733388273995981 1.0096385018686 1.08683450103245 1.32731353735691 1.8230348802631 1.64491246601294 1.9463137502496 0.706195862509493 2.30505047097655 1.92158353125855 2.19245446607888 0.606433736521459 1.528987478702 2.12174700693602 1.59889504381526 1.38702954515935 1.10277589540459 1.64689351172139 0.538498732869129 1.97241782916235 0.947669001808323 1.93945821703771 2.20126271796746 1.93681650766957 0.917448139609712 2.08181308705002 1.25373880282088 1.59331756326524 2.59906392114611 2.21769534617935 2.17601789204279 1.70590683876891 2.33152716097719 1.68473389656189 2.36015667659933 1.40073111734958 1.16440314593033 1.47808883247985 0.785078132510402
"MissBrwn_1788.rtf" 1.36678428490205 0.589297498993323 1.10380539086777 1.07987285263318 0.689056881848189 0.347953238013331 0.891195841467447 1.16353812690803 0.518138022219962 1.30091714221449 0.812797566068112 0.879075740489753 1.2689699213964 0 1.00170235971632 0.281339763891095 1.23072488905265 0.780570081140004 1.56148961076407 1.86956121284891 0.913397997575355 0.570365313884701 0.764806905645572 2.01667131030914 1.46032969500596 0.692422500133707 0.500355184315 1.20187476374563 0.53684898350143 1.10697532583523 0.401831793915981 0.549019770161198 0.84838868391846 0.582743075622267 0.512256311206493 0.632383073103934 0.151342590089089 0.866435190647241 0.664400103268565 1.02087131237344 0.98322956122892 0.48844413561331 1.22900352400573 0.604009181971913 0.892893121709777 0.975917568827061 1.19231147372238 1.60873677300184 0.715077316873909 0.804713670695841 0.541125409831286 1.13887830417733 0.713316028386041 1.05179204719279 0.974841898980886 0.66637871189609 0.610766421007313 0.537754188048918 0.775711978439044 0.562384096898086 0.854088150783295 1.122072586199 1.19871617716464 0.802860565589134 1.22601815199393 0.954774501241725 0.500911159942934 1.02475254252477 0.551572141991207 0.336852415250314 0.706977304834414 0.534492178886568 1.29714475024793 0.857692564207394 0.737326426349543 0.892135315213653 1.12401075738874 0.860686769138952 0.647258358567014 0.938608432903529 0.323748221189951 0.484322863596722 1.43839158820115 1.19056482785938 1.1998953302048 0.693645265013302 1.30655252166891 0.625699866590811 1.20357764308202 0.321279659491416 0.466211232235041 0.71383872401706 1.18818201566592
"MissBrwn2_1788.rtf" 0.671868621432508 1.18956867332189 0.516262793440762 0.432922740860983 0.518990742130162 0.960339879738513 0.299843702556185 0.385322656710862 0.77743717681405 0.594142173111421 0.615397228807268 0.468240231573825 2.02641695381542 1.00170235971632 0 1.04676958416548 0.612766516175164 0.514148230184705 2.22751858743652 2.63653568976882 0.275368841978881 0.573387382650047 0.669176682189807 2.73649771213012 0.721902649052828 0.709087624731159 0.848445820657081 0.40978401162925 0.830742872763555 1.84010998120316 1.12063469715219 1.29768859699497 0.397308046994502 0.773056699351141 0.820440675143948 0.738090311395525 1.02423313404869 0.382059824987982 0.501771215565323 0.324938968051638 1.75488652669404 0.950140964854999 2.00845282265429 0.52153663198813 0.504950382770559 0.479188240195016 1.84698749187145 1.02166662952792 0.542099987961039 1.64232755050862 0.762157356351246 1.97100841711527 0.576988224644326 0.40050446575366 1.65176712735326 1.51515714424937 1.23072786631966 1.24999992329919 0.493360284003054 0.870305986249333 0.378104805131195 1.97468389608082 0.58278515674049 0.370918768059705 0.436846915687072 1.85162688016816 0.950488549597632 0.499240759314621 0.968078659794662 1.19488782598344 1.34674684382168 0.763364119238849 1.93670723724171 0.346215270263342 1.45859333906599 0.271199699456365 0.437641284736857 0.364508432742924 1.33355311049814 0.312957570187981 1.10403978840294 0.910091045450417 0.788611683523306 0.556694872005649 0.471053853053722 0.83076466949144 0.535368821632376 0.868334709238958 0.64751532619252 1.08504037814094 1.10168128104538 1.43707148083655 1.76004823397021
"MissCharlotteCsdl_1788.rtf" 1.4292228427361 0.466203245737549 1.23210595866606 1.2497438279209 0.842094500907352 0.501695708156668 1.01214992145483 1.21278429696729 0.553455269245435 1.3679494139647 0.776586575634273 0.908864743993606 1.18190908493188 0.281339763891095 1.04676958416548 0 1.25424929771027 0.821714315740903 1.35109865805973 1.58976610560334 1.05004867872681 0.642167714457449 0.805178308989563 1.91371510625823 1.53883340443314 0.664285783558544 0.52115750050118 1.27564029463107 0.569849441726313 0.977651467063081 0.446187911834226 0.440185764329585 0.775497371029151 0.655002785911127 0.615132155489331 0.709638792020885 0.172237690201727 0.851501616625979 0.819863592353651 1.01365847092508 0.828796824486768 0.610350016498881 1.09813500858805 0.716573356801471 0.931811509699638 1.15859850963129 1.1741976570343 1.70814639856253 0.900432808991518 0.874268941233246 0.698377412395924 1.04848175910991 0.859719749927901 1.14857913358608 0.843973383563209 0.665007155277658 0.403711176905878 0.394562607542288 0.740080414277764 0.64360043295472 0.961878342072634 1.0041010405991 1.29304481617797 0.937845107909537 1.24577417036147 0.831565038144817 0.463734939136124 1.18015039743536 0.586889389016679 0.486781293901697 0.653459410130889 0.564905327584523 1.16619863634495 0.911066366583237 0.591736404986003 0.927452562239125 1.24047746565407 0.893945296553779 0.524986163216103 1.02443260717037 0.289331876115636 0.514378628610889 1.53201399829801 1.31153954618215 1.26415449142621 0.749002206248777 1.34926220508284 0.594887033118781 1.34308505795742 0.359625962565885 0.468256078302978 0.630277199976353 0.99959643241293
"MissCharlotteCttn_1788.rtf" 0.631356904572523 1.48001241820394 0.314321671510094 0.439370027611376 0.809596217691434 1.02437740318815 0.507544623155967 0.416059034458097 1.00565891890623 0.34078041886458 0.824696866417719 0.618645106462692 2.25997547734917 1.23072488905265 0.612766516175164 1.25424929771027 0 0.834385477670581 2.42220934541739 2.80750421058558 0.452411923557826 0.845150147002759 0.856460838631323 2.82839581798087 0.6620500059973 0.852818933102743 1.11477117110706 0.485029334259359 0.916401155378632 1.91666954239344 1.27953990956274 1.53588046667404 0.752536981991108 1.07428961491736 0.976264704706559 0.87540107195592 1.25163977570224 0.513895182928581 0.704731916267543 0.437739382851985 1.94953571686136 1.13899257946781 2.08254849002651 0.883826730588111 0.834485905332702 0.267807653933759 2.18152901733246 0.839424943212708 0.715914999698393 1.88617545027067 0.95109757448726 2.19061136016764 0.704537704645675 0.349719161162043 1.85926905493887 1.76088108805018 1.48396547490157 1.48425930377023 0.680948519017727 1.01701809489426 0.569924029194668 2.07887256235022 0.313997225003144 0.582569515221528 0.542729756080942 2.01486552466833 1.26678080553149 0.24057908702657 1.11196268510688 1.36289043996614 1.63075738986925 0.860657550777296 2.32459498293325 0.832261601714232 1.64290704928034 0.558886081641434 0.43150577949981 0.669106822371484 1.6161389167386 0.501296410164593 1.21378202904813 0.946270394091065 0.629076073925939 0.393601978698551 0.288979757138201 0.984027035179928 0.466066515598188 1.10885710878437 0.347824320389276 1.28463800211763 1.50554459475018 1.5764636212089 1.96612909283614
"MissChld_1788.rtf" 0.870962048128612 1.15858396216009 0.809171461893461 0.660361506768133 0.348174552650263 0.729388359455573 0.501922660963785 0.726240019197945 0.645611561593223 0.862640514637665 0.399209307035581 0.515849325346033 1.95959409775407 0.780570081140004 0.514148230184705 0.821714315740903 0.834385477670581 0 2.02382491234046 2.29374417388607 0.604392708466344 0.447427216416456 0.47205586176972 2.66455275641029 1.0082715206648 0.511578947897906 0.557131552557698 0.677382007117893 0.503643919088908 1.61409558041694 0.914078167518868 1.14667103319771 0.374587517795598 0.622362781309275 0.518284550779004 0.73041388863041 0.86417780595896 0.387059358440031 0.329439884173843 0.568941894414977 1.52216955156118 0.815930029581812 1.77740218263859 0.493612631519822 0.416493516972656 0.614952160561768 1.71181989183856 1.1925770258975 0.33922988835838 1.38668395819889 0.558185695307989 1.84893466219488 0.371186621306694 0.694522328652408 1.51306420919297 1.18396411945377 1.1390551152201 0.96898333949605 0.194122130227633 0.593447058674854 0.443986180462474 1.58016560699077 0.817680421821614 0.41859461041182 0.703826877821619 1.50259382947886 0.801289623903698 0.742799773809366 0.842893296943099 1.06565283002399 1.26189530967019 0.447066881876838 1.68936775615021 0.292874013515058 1.32516285122494 0.45624602870801 0.762607184317938 0.40198073285296 1.20288767228479 0.559952113012272 0.973979014286188 0.657756569757499 1.05753069864351 0.836883736145374 0.746647205532993 0.753002585482821 0.807270571477457 0.649170689835166 0.772820437405308 0.899992579764835 1.0445639626325 1.16439851994033 1.7165452289712
"MissClnton_1788.rtf" 2.68450709143162 1.37676492869888 2.43465935535456 2.4672653905436 1.93316518193366 1.7198779569682 2.2734724162686 2.45591042460626 1.78600638802507 2.53936746264933 1.90724309590283 2.06160174872572 0.55755274446234 1.56148961076407 2.22751858743652 1.35109865805973 2.42220934541739 2.02382491234046 0 0.747037809882332 2.32385517245255 1.89857547232144 1.79857671602912 0.858521757442043 2.68435964427388 1.74647619685445 1.6543361145051 2.45630430363909 1.64709427841468 0.748929392012156 1.50967275633612 1.34672567567387 1.93749203835973 1.79641227282646 1.77082552849058 1.9811669824845 1.43348234803946 2.11544764116931 2.03209197775623 2.31727261739472 0.809857734131083 1.7677395433478 0.447881616779127 1.90153726109914 2.01085607793926 2.35960106366971 0.619368063083251 2.9158865789887 2.1644300613065 0.98656118621664 1.7969613951346 0.468011839887989 2.07380037125306 2.35002384063382 0.953933737977036 1.13956474196477 1.24697514345673 1.45497085520757 1.99412938022823 1.81431028899385 2.0827775707666 0.783348897044353 2.51514366347756 2.15963253303686 2.3735025752221 0.676333397797317 1.72925052784908 2.39988847671607 1.75737148015866 1.58814972894143 1.1134046344746 1.63964985041368 0.554563230905256 2.09306586871643 1.32459667107616 2.11378392776651 2.38029494886938 1.99533511819794 1.0319022809649 2.2239106977781 1.50066056569457 1.72843726707967 2.67982016696246 2.53827719557686 2.36644513334906 1.90875486239007 2.52786538333462 1.6635090220981 2.3442752112576 1.63977580943886 1.50045354406702 1.4189686107643 0.689455243089809
"MissClrk_1788.rtf" 3.01205527534947 1.6898896537799 2.80455597290582 2.83230700853066 2.41987885771478 2.0526737691056 2.56774632864541 2.78352058723549 2.05683460210103 2.93266902727439 2.30889032666858 2.43634516768759 0.884870929612168 1.86956121284891 2.63653568976882 1.58976610560334 2.80750421058558 2.29374417388607 0.747037809882332 0 2.63981478433016 2.19833206747118 2.17774752136706 0.620642819676704 3.11607352895929 2.06506533757204 1.97452111834301 2.76736747790303 2.03790528496213 1.11137841058387 1.84841157277833 1.67250392738514 2.31319194833051 2.12569152365257 2.15729953299933 2.28375748218313 1.76156910422431 2.38627585524526 2.409629697957 2.54557074299685 1.08120812268311 2.13466321759995 0.872336125742029 2.22148157560138 2.44009403714416 2.74836461523463 1.18134695236757 3.26397637395118 2.49019891459486 1.41682419579066 2.18458515639143 0.794581813500413 2.40188712743791 2.68277076722146 1.27398420755011 1.46765149814962 1.55947170253272 1.76713313509084 2.24031988823718 2.14697976581031 2.50636612964243 1.05132710559737 2.82449364272517 2.52761121351288 2.7409167505322 0.947161611873269 2.00309186159577 2.76457864254015 2.02819969423461 2.02120349105299 1.53631081126363 2.04383348707019 0.985735636722067 2.41444569943883 1.52243341345247 2.45595728521414 2.83024357125741 2.42170370675532 1.38465439630808 2.59586039260177 1.87909798171898 1.99926548115562 3.01479855090274 2.90130565178549 2.77755820723291 2.33876831185212 2.91877992614192 2.09826636597437 2.81114841755214 1.91060402351482 1.90310488499162 1.75080848097956 1.19958419195437
"MissCp_1788.rtf" 0.535688666108456 1.22450647089955 0.321841046346285 0.348165002877372 0.580389416037725 0.899244829347812 0.229225286591964 0.332639014774993 0.831621867165161 0.459023949882397 0.67738295538641 0.548494880221644 2.03233622853736 0.913397997575355 0.275368841978881 1.05004867872681 0.452411923557826 0.604392708466344 2.32385517245255 2.63981478433016 0 0.623877435260864 0.734780705622092 2.77903687199763 0.594696672996599 0.715482910018469 0.925774392437416 0.390779095945659 0.828189075905268 1.82006760397149 1.18228088129854 1.3117316316369 0.454766347108504 0.82001972160362 0.890048176463744 0.763328404786984 0.960729380163815 0.386570202103408 0.471498211527938 0.2525538256053 1.80265877452982 0.957786191196943 1.98403787983414 0.558851524009311 0.700778935690254 0.236521642009401 1.94929022312973 0.865125107508306 0.570972124786435 1.69550414943226 0.829038170789736 1.90957581717836 0.552769319861401 0.279048032939149 1.69000789238295 1.50898815417217 1.27956537972608 1.38773265623254 0.539642027351488 0.945562701232302 0.3852933074957 1.97796299064215 0.421333626112855 0.377554280241779 0.346428525547789 1.81066490568488 0.998040286396416 0.319271498913323 0.965148443181644 1.20703720903869 1.41776192666435 0.713197488589403 2.00494171774245 0.422434247008029 1.54213340015901 0.323562096043277 0.363762419070687 0.476159990657657 1.4101807241882 0.244067539822824 1.06980334006395 0.88389115846582 0.64882184777505 0.43286724802388 0.378898610951961 0.918187888306252 0.439653520660965 0.892901912412948 0.474199950667456 1.05551053866828 1.24238418910405 1.45316887178567 1.87038618826047
"MissCpr_1788.rtf" 0.999301333482647 0.931261175633643 0.824465676058131 0.697672379666197 0.407082258317683 0.510921701010527 0.672981497285479 0.799610871160185 0.442123984894969 0.907414877766595 0.334145675233616 0.469034646374018 1.66300882033547 0.570365313884701 0.573387382650047 0.642167714457449 0.845150147002759 0.447427216416456 1.89857547232144 2.19833206747118 0.623877435260864 0 0.334430828162861 2.32512669520515 1.04929181528915 0.369853617504111 0.572604959168482 0.860705753923161 0.417816515643114 1.38855507962629 0.766734087682555 0.843859445318097 0.433389316956952 0.363288167499933 0.394418889210173 0.318231795056076 0.589257953969683 0.562584013503367 0.351118537083409 0.674490046755737 1.32076262112087 0.611090628525824 1.58480709104881 0.182608834854179 0.52861420360547 0.699886317583368 1.53741800410935 1.33614241405835 0.369042297213014 1.29587850108039 0.430446808361409 1.58411699873231 0.488318640444789 0.790657757796032 1.38495161559782 1.16799460397982 0.883370917861272 0.862054230303697 0.366424775360973 0.502068463124592 0.586623524036235 1.48217412420933 0.901501094611444 0.571226130172344 0.770888965671678 1.42516725074417 0.57114207042275 0.729721255611166 0.64586951326693 0.764276372973819 1.13071257116985 0.302687870172963 1.6483765421818 0.456932946459914 1.0473864531081 0.588284138069779 0.879115360641552 0.514904203849079 1.06782264848511 0.653403225962743 0.727257938549267 0.55303859006215 1.20133761922535 0.947480310896849 0.723417839281615 0.411687409300473 0.982713636396633 0.519316832924383 0.891912764425954 0.781746340864774 0.930984225758805 1.00421690795463 1.60842880965414
"MissCrbt_1788.rtf" 1.17392372806907 1.09295498091414 0.895414976009013 0.785105686105563 0.380131284632182 0.620056297146142 0.666080416326606 0.946199786550245 0.580199339609204 0.968755533529143 0.351560819132482 0.400769152547952 1.81276122101679 0.764806905645572 0.669176682189807 0.805178308989563 0.856460838631323 0.47205586176972 1.79857671602912 2.17774752136706 0.734780705622092 0.334430828162861 0 2.30872325004631 1.13290345041638 0.341952995142534 0.705644006914264 0.899783009854642 0.408220341374031 1.5282775727356 0.661735054827069 1.08887276597881 0.383794585303897 0.542680621132618 0.53158300132792 0.535267182062341 0.829815866378084 0.576203261823761 0.365200502623813 0.778028238049174 1.50164292946808 0.759132859722517 1.6976199758183 0.302699470951058 0.461771773544439 0.794323165936195 1.71564676012911 1.30250670777285 0.495718443530289 1.40801861443136 0.465610097630622 1.7355438454802 0.469084356716341 0.810779461288271 1.5021963127757 1.24245384880357 0.880568606916489 0.943220938849398 0.454885000882683 0.67773664287779 0.533714630858484 1.61073412430332 0.975899284132008 0.552240533094861 0.774249573685224 1.43780812036165 0.775741954533494 0.764066096001183 0.719623784873876 0.910086352415831 1.13338064774596 0.380079436250439 1.86476813199979 0.594146405362365 1.30549290169128 0.57453954842096 0.906376510513658 0.546404128748236 1.10790443912697 0.682650172583646 0.932452751935355 0.661149150726142 1.0911427158905 0.945453354593776 0.776876679367233 0.600076557394438 1.01633328105811 0.598648002668243 0.843025206129191 0.828768644106184 1.00762606462379 1.16386813357041 1.55625000550655
