"Btsy_1788.rtf" "Conclusion_1788.rtf" "Emma_1788.rtf" "MadamDslz_1788.rtf" "MadamoiselleDuPar_1788.rtf" "MissBetsyClrke_1788.rtf" "MissBetsyHdsn_1788.rtf" "MissBetsyHstng_1788.rtf" "MissBetsyRlns_1788.rtf" "MissBlke_1788.rtf" "MissBltn_1788.rtf" "MissBnd_1788.rtf" "MissBrn_1788.rtf" "MissBrwn_1788.rtf" "MissBrwn2_1788.rtf" "MissCharlotteCsdl_1788.rtf" "MissCharlotteCttn_1788.rtf" "MissChld_1788.rtf" "MissClnton_1788.rtf" "MissClrk_1788.rtf" "MissCp_1788.rtf" "MissCpr_1788.rtf" "MissCrbt_1788.rtf" "MissDglss_1788.rtf" "MissDvnprt_1788.rtf" "MissDvnshre_1788.rtf" "MissElizabethWtkns_1788.rtf" "MissElizaWbstr_1788.rtf" "MissEmmaElltt_1788.rtf" "MissFannyCortny_1788.rtf" "MissFannyHnly_1788.rtf" "MissFrsr_1788.rtf" "MissGrce_1788.rtf" "MissGrdner_1788.rtf" "MissGrge_1788.rtf" "MissGrn_1788.rtf" "MissHarrietBrn_1788.rtf" "MissHarrietJns_1788.rtf" "MissHarrietLld_1788.rtf" "MissHlln_1788.rtf" "MissHllnd_1788.rtf" "MissHllngbrg_1788.rtf" "MissHrdy_1788.rtf" "MissJennyHbrd_1788.rtf" "MissJhntn_1788.rtf" "MissJnes_1788.rtf" "MissJnsn_1788.rtf" "MissKlpn_1788.rtf" "MissKn_1788.rtf" "MissLcs_1788.rtf" "MissLndsy_1788.rtf" "MissLnsy_1788.rtf" "MissLouiaMnsn_1788.rtf" "MissLstr_1788.rtf" "MissLvr_1788.rtf" "MissLws_1788.rtf" "MissMlswrth_1788.rtf" "MissMltn_1788.rtf" "MissMntn_1788.rtf" "MissMrrs_1788.rtf" "MissNancyDvs_1788.rtf" "MissNble_1788.rtf" "MissPhoebeBrn_1788.rtf" "MissPmbrke_1788.rtf" "MissRbnsn_1788.rtf" "MissRchrdsn_1788.rtf" "MissRfs_1788.rtf" "MissSarahSddns_1788.rtf" "MissSms_1788.rtf" "MissSphiaMrtn_1788.rtf" "MissSpncr_1788.rtf" "MissTfn_1788.rtf" "MissTrbt_1788.rtf" "MissTwnsdn_1788.rtf" "MissWd_1788.rtf" "MissWlknsn_1788.rtf" "MissWllms_1788.rtf" "MissWlsn_1788.rtf" "MissWrnr_1788.rtf" "MrsAntrbs_1788.rtf" "MrsCharlotteFne_1788.rtf" "MrsChshline_1788.rtf" "MrsCrsby_1788.rtf" "MrsDd_1788.rtf" "MrsDfld_1788.rtf" "MrsGrffn_1788.rtf" "MrsHrvy_1788.rtf" "MrsHwrd.rtf" "MrsNtn_1788.rtf" "MrsSttn_1788i.rtf" "MrsWd_1788.rtf" "MrsWrd_1788.rtf" "MrsWtpl_1788.rtf"
"Btsy_1788.rtf" 0 2.00351145799532 0.539361058990771 0.428731723601023 1.00420257442423 1.57241505555459 0.648156786027358 0.373261329566545 1.42683477073324 0.231272592164323 1.08825504442096 0.904234625224433 3.23113432841232 1.72808131126486 0.708991584967307 1.81463976688968 0.436894561230985 1.0427952851021 3.24325566883449 3.8205058161924 0.607133426842619 1.21306459157809 1.14414640577327 3.77701587412642 0.256668009416753 1.28451080272339 1.50276217799302 0.501747690199663 1.28098335717663 2.81287392127944 1.75031723981011 2.01064485335525 0.96163929961568 1.42670233791568 1.33711709570665 1.27658071636743 1.76026169772646 0.822077576301162 0.939980991372531 0.653055489679838 2.73425910206445 1.46820643692116 3.05779663866479 1.23639148888843 0.924717098212461 0.485559575689264 2.97194916011241 0.50445652595862 1.00816541818938 2.55423821344624 1.28993858718878 3.16705427177334 0.928836034800885 0.528793784017464 2.60752351539704 2.24352042351674 2.02575751366496 1.85572794022003 0.994912419105958 1.42683477073324 0.795033387531061 2.87669986237552 0.329471251129598 0.806737180997064 0.595903904804651 2.82806155397662 1.4877742986236 0.455926121286366 1.4981640313583 1.87927080811417 2.11735169792414 1.30409394343848 2.90450549055381 0.959228088957226 2.22272469814864 0.79237715781526 0.534311498635171 0.847336606011388 2.27073151417276 0.627929767854728 1.75718827494995 1.39631068337947 0.120022868742318 0.26181669515444 0.501734032001984 1.22458543376686 0.314176003470247 1.41943296149039 0.386628081619134 1.7050985020178 1.83216069526761 1.99016542149013 2.6352090794952
"Conclusion_1788.rtf" 2.00351145799532 0 1.65394746895623 1.59013940422442 1.04440822585257 0.705236679484277 1.47309120528323 1.7247106246534 0.800094183052415 1.86158957125886 1.12091507002538 1.22760158089168 1.29817476812839 0.519439624466936 1.38173023315729 0.384539006723688 1.67731418165864 1.16649414343659 1.32724809436188 1.88337537427909 1.56460666045203 0.997826876132055 1.09575732317918 1.94572304220535 2.15052979445883 1.06927308727736 0.725909481382129 1.58168697278335 0.840492074083762 0.875743479366131 0.605666858698769 0.23961001655184 1.25969672277275 0.87981743307521 0.875399942544579 0.891205636191017 0.431760949127822 1.33534446130889 1.20964245358145 1.52138599076943 0.797128660151131 0.592857313247589 1.13912999876916 1.08579826061648 1.3381418180915 1.6323965458194 1.01895177384898 2.40747159570415 1.14508087901424 0.617107771532932 0.922152896223217 1.23303841284837 1.25319881501826 1.54370111040243 0.629656523387686 0.325324401087011 0.181159738461876 0.331664019795527 1.17473632293628 0.800094183052415 1.30495666489963 0.939569420462205 1.76447525573069 1.29429112848771 1.52572083306699 0.890931112063302 0.673895886564551 1.72221079075592 0.625416291797983 0.495271859460094 0.166855368055218 0.918718863262063 1.06299345875575 1.27866885465908 0.272886715134888 1.37244323374542 1.58029895653234 1.28220125315908 0.26722005617744 1.45021000403452 0.32100928524322 0.668345068917858 1.96385755533885 1.80622082632768 1.5662926134927 0.86359623773366 1.81019293185095 0.753331229508847 1.74626637625354 0.422651740883233 0.237615097696979 0.205744119082263 0.694516132796881
"Emma_1788.rtf" 0.539361058990771 1.65394746895623 0 0.110629335389748 0.654770723789358 1.09803649250296 0.287846829285387 0.251556202958126 1.0633374451165 0.391924535602356 0.69801118208126 0.555244122761385 2.7532924046727 1.26793649775495 0.35747878666257 1.41852178010734 0.16787184979311 0.679698864816574 2.88300239326786 3.4097302975885 0.169887381951981 0.815186023742247 0.786739453758027 3.46344071893017 0.671542494928617 0.873735284119495 1.13966575770749 0.138651269914133 0.932927910009064 2.42157639346261 1.33954172120621 1.72570828038073 0.597461966337411 0.959857629121201 0.987787548364281 0.881691373397333 1.41851681042444 0.458981156015632 0.630342988919607 0.269585990740009 2.32348358346055 1.06109015570864 2.70866579522605 0.778868243073267 0.675907061656165 0.121188815699477 2.45098772570375 0.90897697332633 0.6184526831349 2.14346269484235 0.880885755778749 2.67607411571759 0.657645841440144 0.110246358553802 2.28360399234392 1.97927187004324 1.67817002395462 1.6312683858993 0.640849777376758 1.0633374451165 0.442624729307368 2.46592434377162 0.316149293777855 0.454228165698915 0.23789945337437 2.41728603537272 1.29665568087108 0.176437063019827 1.13212095688841 1.41668189382577 1.75055788574882 0.909204600468379 2.63308096549041 0.564398469763201 1.85507048801187 0.434438530699503 0.20822037184019 0.535946735759335 1.88789108954199 0.287828140502385 1.33293818371301 1.03015570062824 0.490787949769866 0.277544363836332 0.122957304090996 0.866184116978906 0.279838835272207 1.00865744288649 0.234436878930627 1.26160907389535 1.52718661006565 1.57938990288623 2.25560315949393
"MadamDslz_1788.rtf" 0.428731723601023 1.59013940422442 0.110629335389748 0 0.592081718360202 1.14368333195357 0.25065167660657 0.201091934657418 1.02892875598125 0.281295200212608 0.67613418835693 0.492113769160408 2.8024026048113 1.29934958766384 0.294875608009521 1.39273019601628 0.118684392113586 0.645290175681316 2.83113481277047 3.40838496012837 0.178401703241595 0.800943735514061 0.732025549709243 3.43922301337527 0.561134313421298 0.872389946659366 1.10525706857223 0.104242580778875 0.883478247755843 2.40075306521542 1.33819638374609 1.70293427053828 0.549518443551654 0.99797061431466 0.926277143815112 0.864459860303404 1.35700640587527 0.424572466880374 0.578159352374857 0.240934633615812 2.32213824600042 1.05409045996337 2.64567578260076 0.807659765287404 0.614396657106995 0.073095093873709 2.54321743651139 0.818076114666614 0.57943369458836 2.14211735738222 0.877817731124756 2.73832254817232 0.582077179758097 0.114677807059677 2.21001840597626 1.88469811381894 1.61524878181814 1.536694629675 0.597407309685169 1.02892875598125 0.380917410573275 2.46457900631149 0.241614702821868 0.392621204039278 0.188180424411257 2.41594069791259 1.20208192464678 0.135176037954933 1.09771226775315 1.45053908451315 1.68861997432311 0.891973087374449 2.55723735311255 0.547107232893201 1.79399297454762 0.394872048394471 0.15414466439283 0.457193156238143 1.85661553721498 0.226317735953216 1.33445929958627 0.995747011492979 0.412099531297917 0.223675033214262 0.0896131759379584 0.840920904429689 0.315949037494145 1.00731210542636 0.162269368540077 1.28396038952777 1.49813326562373 1.5780445654261 2.20647735589418
"MadamoiselleDuPar_1788.rtf" 1.00420257442423 1.04440822585257 0.654770723789358 0.592081718360202 0 0.575339176385801 0.503667778210514 0.779085587987839 0.460203938003849 0.849639355780375 0.0990487633242848 0.19470198174778 2.2364339316263 0.731005432096069 0.462460792751375 0.817563887720892 0.676341445464611 0.232810477422091 2.23905309441027 2.81630324176817 0.56142772216057 0.211604715024891 0.141675181260993 2.87940670821984 1.12925731510664 0.280308228299164 0.536532250594834 0.648003306768854 0.320127163520672 1.81844288634996 0.746114665385883 1.16647486576565 0.220327528271249 0.429626458746895 0.342723275867248 0.277121801783038 0.789754265760561 0.362662089458827 0.191743895894349 0.516815174368747 1.73005652764022 0.50910320477841 2.05766911049915 0.239315609719638 0.293733592238928 0.632918221251421 1.98215383375282 1.36669179350435 0.12824179025063 1.55003563902202 0.290272806235434 2.16997839260455 0.213142395006242 0.633011083993488 1.64129358799886 1.32450114625388 1.04652396384074 0.976497662109941 0.198567311822774 0.460203938003849 0.342744595944164 1.87249728795129 0.801431007977297 0.331398724584448 0.557927274762954 1.82385897955239 0.65339034221868 0.7007962045089 0.528987449775757 0.882194928945382 1.14158675625726 0.299891369014248 1.97831024170105 0.262737918004199 1.24624890165365 0.400459346178985 0.64737108904325 0.245329750986205 1.31162828203001 0.405801778181943 0.789472044401307 0.435775878353627 0.995653399245781 0.815756751574463 0.565783040082885 0.28110459927426 0.899502905442008 0.415230387066163 0.70185815040097 0.738973134342811 0.961673860851109 0.985962847065899 1.64885886320616
"MissBetsyClrke_1788.rtf" 1.57241505555459 0.705236679484277 1.09803649250296 1.14368333195357 0.575339176385801 0 0.955823656533936 1.21954907889388 0.202989774379045 1.36671350240723 0.541569500691328 0.678702426808576 1.75883637823699 0.20824515642869 0.913937542319173 0.350798633426737 1.13552049432361 0.637543331742071 1.81527924658725 2.31169380508554 0.965281628711972 0.397226567585621 0.514734579700253 2.39571757224956 1.65929023745238 0.425462482140514 0.177576438851155 1.1413919206556 0.294727074295198 1.33182452526542 0.241505228703255 0.691077327476995 0.68627613288719 0.189008163203902 0.292707449405637 0.298217374602763 0.350793663743839 0.774940114805765 0.63243406418206 0.936487258891966 1.22544709095759 0.154722690365323 1.64922727285121 0.41283968973729 0.764721228205944 1.08685547986533 1.4248057329651 1.90673284339597 0.564249637365207 1.04542620233939 0.285066370150366 1.67333346497613 0.700988510311399 1.09413534326902 1.22416546996907 1.03056108057129 0.618731501579778 0.571829863524456 0.64294085263921 0.202989774379045 0.788897033919857 1.36788785126866 1.2881383392442 0.776954716259142 0.992159531666885 1.31924954286976 0.237217158496238 1.13580108324456 0.153096821594103 0.361115257410556 0.801847096276863 0.325730601673808 1.68437017601845 0.670596456155058 0.795631965637025 0.849661237476975 1.08861762865131 0.736487906458454 0.798139221344795 0.963149878969658 0.397611268969767 0.176104372175126 1.52384194633369 1.32036618825709 1.09011652782995 0.34782962178773 1.34833541742814 0.210391583621894 1.25920625118869 0.292352766457984 0.59700405546534 0.592081143286159 1.30689237002197
"MissBetsyHdsn_1788.rtf" 0.648156786027358 1.47309120528323 0.287846829285387 0.25065167660657 0.503667778210514 0.955823656533936 0 0.296772990174774 0.793452295379554 0.431178793198922 0.462607232424254 0.320438343590076 2.66119366742417 1.13096900359671 0.112818201322946 1.2197081509564 0.269161563886713 0.394638499074746 2.65760897297451 3.18712334083872 0.153576349376826 0.602199682397523 0.561346033464678 3.30874194150112 0.741973845268851 0.651128327369706 0.854605391965662 0.218668073487576 0.673351091813141 2.17949144592576 1.11693476445643 1.5714762513885 0.372068546044063 0.810110938895029 0.762394128070933 0.669347346385497 1.21908949904184 0.18088354172817 0.447678280500706 0.0489108010519155 2.10087662671076 0.926974004199055 2.46949087738179 0.619800089867772 0.450513641362817 0.225521485803583 2.35535776109176 1.00002772090898 0.438224757201225 1.92085573809256 0.670757286383569 2.59605731214415 0.418194164013918 0.213340231789803 1.99575716305853 1.76575758568709 1.41810112776894 1.34342155661391 0.35974853213216 0.793452295379554 0.206062871378032 2.24331738702183 0.332314682710266 0.218446999791835 0.114592546264162 2.19467907862293 1.04860569665686 0.317317711104749 0.939114100933855 1.28383910457858 1.60420681228023 0.682452532539115 2.46768688229761 0.325845613603541 1.63590561443066 0.149152161907839 0.20669396476434 0.298691759911743 1.63936580447843 0.137457663096767 1.23658920394591 0.854051829288047 0.624369827721004 0.466733098709829 0.167533953138704 0.784772377484775 0.479832053238323 0.860383031065942 0.37412062795255 1.16283964792638 1.41259468136191 1.43111549106568 2.13186757702189
"MissBetsyHstng_1788.rtf" 0.373261329566545 1.7247106246534 0.251556202958126 0.201091934657418 0.779085587987839 1.21954907889388 0.296772990174774 0 1.08501944699208 0.17307441307114 0.759380222599028 0.61094225391024 2.93012492834635 1.3999002645189 0.376128420012972 1.48990134998877 0.114383788091914 0.680584608455115 2.95438196314928 3.47869049245124 0.29008839392174 0.886565593623673 0.858119023639452 3.57767320242331 0.474973411989996 0.942695478982236 1.14055150134603 0.202178759162055 0.955085967168097 2.47105859753829 1.40850191606895 1.84040751231069 0.668841536218837 1.07383636125497 1.05916711824571 0.951712295642843 1.48989638030587 0.468746886663679 0.716609541422894 0.311240165938681 2.39244377832329 1.17859342356923 2.76626386755656 0.883525512227716 0.747286631537591 0.164813929044899 2.6190831834517 0.741923340781199 0.707156018123413 2.21242288970509 0.948123263447625 2.86498857306633 0.714967154188692 0.221064766982958 2.28690911100114 2.04521873430985 1.71487411794371 1.63457350455652 0.656521522306935 1.08501944699208 0.47499413230022 2.53488453863436 0.0685892603503224 0.487378260714023 0.296366485899112 2.48624623023546 1.32420892061708 0.16253993530995 1.21899045322653 1.55277036550076 1.86144727388256 0.979225522713888 2.75276907315253 0.617412765216071 1.90483687535285 0.445925152082613 0.257583753891796 0.590083130668739 1.89747018460621 0.421849455993192 1.49382966554824 1.11551011566508 0.338423718340636 0.180786989329461 0.22561135692686 1.04201283908711 0.183059063063549 1.14025938335861 0.164640472271016 1.41487427096646 1.66421410073208 1.71099184335835 2.38910803862422
"MissBetsyRlns_1788.rtf" 1.42683477073324 0.800094183052415 1.0633374451165 1.02892875598125 0.460203938003849 0.202989774379045 0.793452295379554 1.08501944699208 0 1.20067590988966 0.375847389935787 0.554196899763396 1.94145959463519 0.411234930807735 0.794752425110556 0.499974078167423 1.04743864326139 0.434553557363026 1.89725648696087 2.39367104545916 0.931853428751502 0.302825102672787 0.36730762261413 2.58900786871214 1.52025092464353 0.278035525054392 0.0763283125909857 0.975601152265467 0.147393827960635 1.3860391505462 0.323482469076871 0.851742178599524 0.538849175801067 0.155059885866061 0.137880491167359 0.196173599717055 0.499355426252862 0.616272560328405 0.560069607889286 0.793751454376495 1.30742433133121 0.253976981968244 1.70913839136815 0.369569949420126 0.617294271119821 1.00379856517826 1.60252387893686 1.75697476053473 0.494321963557659 1.12740344271301 0.182451689337754 1.87632323935517 0.531218671786637 1.00447725552977 1.25057989304977 1.05214215023162 0.657748641755297 0.59824428660515 0.439951078260166 0 0.674551699344181 1.44986509164228 1.11851700959663 0.663151549511009 0.908044841643715 1.40122678324338 0.328871623867879 1.09559479047943 0.177223640107588 0.5641050317896 0.916034574044538 0.168660372646009 1.73889623083726 0.498938975353303 0.916171541641683 0.64667146309793 1.0001462601439 0.60953318273699 0.901707138328421 0.857031733066692 0.548416965710218 0.132779781686443 1.40449659077484 1.24501017808451 0.941011669063473 0.302385589490489 1.26635817705453 0.0984925702396748 1.11177929410256 0.441567600324773 0.739597659131099 0.669225030239412 1.4436953387862
"MissBlke_1788.rtf" 0.231272592164323 1.86158957125886 0.391924535602356 0.281295200212608 0.849639355780375 1.36671350240723 0.431178793198922 0.17307441307114 1.20067590988966 0 0.856982452256634 0.688011075598656 3.02543277526496 1.5223797581175 0.508804668471901 1.60893821374232 0.231193008083626 0.817037329589734 3.01198307667017 3.58923322402808 0.40143187369526 1.00297904104632 0.912873813608946 3.64895140842274 0.322482269604864 1.05323821055907 1.27700422248065 0.339615319894422 1.07904347916801 2.58160132911512 1.51904464764579 1.91168571831013 0.730366707451357 1.22100078476832 1.10584450354232 1.06849612780447 1.55929896596347 0.608803390149747 0.787887747422334 0.430226243515266 2.50298650990012 1.3262845501847 2.82652404650047 1.03068993574107 0.78194314560051 0.279858022541905 2.76624760696505 0.56884892771006 0.802463865042026 2.32296562128192 1.08164713225687 2.96135271862598 0.749623668251612 0.386871897281001 2.38176555988468 2.10140852208012 1.79448492150063 1.69514000817723 0.769154463593588 1.20067590988966 0.594846471035656 2.6454272702112 0.105243289807972 0.606550264501658 0.395716988309245 2.59678896181229 1.3904770320475 0.250224568139008 1.32772445142052 1.67356925496681 1.96991517453572 1.07282135127415 2.78304887136501 0.727955496792904 2.01702314500128 0.56661920230289 0.354771949449023 0.638901226833371 2.07054459767736 0.464392566091775 1.60975175156154 1.25295722375991 0.244553042804402 0.117172463828381 0.334862004336224 1.10891432923611 0.172254116733785 1.24642539908501 0.213620519213755 1.55766197862938 1.75702558043887 1.81715785908475 2.48777255610679
"MissBltn_1788.rtf" 1.08825504442096 1.12091507002538 0.69801118208126 0.67613418835693 0.0990487633242848 0.541569500691328 0.462607232424254 0.759380222599028 0.375847389935787 0.856982452256634 0 0.184020419196522 2.24127625253601 0.70898018439712 0.456172698798272 0.797719331756808 0.671591253325602 0.13680830377364 2.19500174055025 2.73225077177144 0.556006038815715 0.180210863197932 0.0987388010404239 2.88675312230153 1.16723520313678 0.196255758302435 0.452175702526772 0.677855898676081 0.290573255972286 1.7340863382819 0.662062195389154 1.17351720177601 0.163001785865281 0.395856783052422 0.299786895646679 0.247358527185906 0.797100679842248 0.31852730673902 0.187434168442084 0.476034027464016 1.64600405764349 0.574797868941207 2.01065461314479 0.205545934025165 0.241446881184035 0.627951175242472 1.94808007998701 1.38445171618038 0.120545977933303 1.46598316902529 0.256503130540962 2.17406849294456 0.159419009620071 0.675947464214057 1.58559281026266 1.37296303720458 0.980158841873361 0.933257203818038 0.102858700292094 0.375847389935787 0.335971973031898 1.78844481795456 0.779937283284348 0.324571823198726 0.569465115331432 1.73980650955566 0.660432678229033 0.719747400543638 0.536333250950293 0.861850285378986 1.22059465682458 0.219845300114861 2.02677213265175 0.169861428186627 1.23421279983354 0.313455070516415 0.661566533831611 0.240918438409568 1.27755452826421 0.481184343130905 0.861025759608489 0.493404473830419 1.06591686446255 0.899809221571191 0.596410611281549 0.380153362598545 0.942439285662577 0.422880266312032 0.735931904166776 0.796601729819603 1.06041854610406 0.99361272631177 1.73767014694408
"MissBnd_1788.rtf" 0.904234625224433 1.22760158089168 0.555244122761385 0.492113769160408 0.19470198174778 0.678702426808576 0.320438343590076 0.61094225391024 0.554196899763396 0.688011075598656 0.184020419196522 0 2.34075532383409 0.834368682518845 0.280277067416501 0.920927138143668 0.511409492403315 0.170558319463466 2.34343970923904 2.91627119096797 0.390358537675235 0.314967965447666 0.247176769729212 2.98830359791104 0.983214783940261 0.380276177498957 0.630525212354381 0.539106417077653 0.417515426503202 1.91243584810951 0.846082614585676 1.26939676801661 0.0578992823085964 0.53298970916967 0.448224864335467 0.380485052205813 0.898651155451763 0.172654611227821 0.12723993691063 0.334201755314021 1.83002447684001 0.692296559817519 2.15532161364632 0.342678860142414 0.136344377627351 0.466004287825478 2.07954209673535 1.23037698037487 0.117786413611149 1.65000358822181 0.39363605665821 2.27561896855407 0.104024900278452 0.527509495525268 1.73528654975841 1.50983283933844 1.14051692560029 1.07602426313791 0.122675453467319 0.554196899763396 0.156132418936139 1.97246523715109 0.631469167188622 0.14429045834988 0.38544469613491 1.92382692875218 0.756312244469634 0.541397890716029 0.708785503591884 0.985558179368159 1.32478011129637 0.399859318214042 2.16499016568949 0.0683109525771126 1.34363716463619 0.211904594906901 0.477546114635089 0.0577854796498773 1.40901654501254 0.308413515199413 0.972665399440416 0.618969233392735 0.890151810777562 0.715788802374669 0.456886150391685 0.475806581022041 0.794001316973789 0.601003428322536 0.604469887418441 0.922166489381919 1.15040085515864 1.17173588832227 1.83205221824527
"MissBrn_1788.rtf" 3.23113432841232 1.29817476812839 2.7532924046727 2.8024026048113 2.2364339316263 1.75883637823699 2.66119366742417 2.93012492834635 1.94145959463519 3.02543277526496 2.24127625253601 2.34075532383409 0 1.55765833205317 2.58411522715944 1.47362842036818 2.82397236137854 2.37601315199822 0.24939441610395 0.825559522000656 2.65712026496553 2.1128526492322 2.19382041053884 0.829832741766263 3.31800951031011 2.18429886037751 1.9160462591073 2.87986174091174 1.98784257561103 0.555420444088984 1.70068923418184 1.24762349988452 2.3682009799762 1.9478445414409 1.96439327909206 2.00256960707784 1.50193558809974 2.51340993506191 2.29115333703979 2.67495707914811 0.700668958118101 1.84429196921257 0.23232120326704 2.17167606797428 2.44380705904453 2.77640108277401 0.338935715698325 3.56545211625371 2.22296891022294 0.944190548466679 2.03389543688774 0.148966499300879 2.35970778316913 2.80182062579883 0.741794678648517 1.09553746618516 1.28371095287989 1.48332994948188 2.34206354851667 1.94145959463519 2.45513079604613 0.563885417480705 2.97222449102271 2.44274666763233 2.65087880452462 0.6105919923325 1.78459232935117 2.81488691408314 1.87013033401013 1.52559171404851 1.13131940007318 2.03008283414889 0.384038327416204 2.4090662764112 1.02528805299351 2.55265991874099 2.74733690150904 2.39520717931619 1.09066743336986 2.64223570980824 1.4989370084075 1.91457419243127 3.19415020887073 2.96931763325788 2.79764147422578 2.0180085648855 3.02104930626982 1.96539476126207 2.93829208202727 1.60578637379294 1.44948770487661 1.41780765083549 0.603658635331512
"MissBrwn_1788.rtf" 1.72808131126486 0.519439624466936 1.26793649775495 1.29934958766384 0.731005432096069 0.20824515642869 1.13096900359671 1.3999002645189 0.411234930807735 1.5223797581175 0.70898018439712 0.834368682518845 1.55765833205317 0 1.06960379802944 0.15058528235239 1.29118675003387 0.84578848817076 1.61506589551291 2.16405935472962 1.12094788442224 0.55519431717903 0.663333725165652 2.19550422117522 1.81495649316264 0.626640528324335 0.385821595279845 1.34963707708429 0.45761791178357 1.19125718515436 0.143030902128663 0.489899281293175 0.834875278352589 0.390186209387723 0.448373705115905 0.461621657211214 0.150580312669492 0.983185271234455 0.788100319892328 1.14473241532065 1.07781264060167 0.31406730538511 1.45608103202173 0.614017735921111 0.913320373671343 1.24252173557559 1.2762065874997 2.06239909910625 0.719915893075476 0.897791751983465 0.493311526579056 1.46508830854744 0.856654766021667 1.27159596197138 1.0310192291396 0.844764025553948 0.4255852607503 0.378683622694977 0.811838884689213 0.411234930807735 0.944563289630125 1.22025340091274 1.44380459495447 0.93262097196941 1.14782578737715 1.17161509251384 0.281539312203706 1.28440022870996 0.339905670182671 0.152870100981866 0.616050041259523 0.48913488428226 1.49857312100112 0.878841612583747 0.602485724807547 1.02243525491353 1.24428388436158 0.892154162168722 0.657571881233738 1.11625222178467 0.203782408598085 0.384349528603816 1.67950820204395 1.46800063861302 1.26741681039832 0.503495877497998 1.52237513069993 0.418636740050584 1.40780539665409 0.151102806804723 0.403175195093658 0.451795878742373 1.12109531500463
"MissBrwn2_1788.rtf" 0.708991584967307 1.38173023315729 0.35747878666257 0.294875608009521 0.462460792751375 0.913937542319173 0.112818201322946 0.376128420012972 0.794752425110556 0.508804668471901 0.456172698798272 0.280277067416501 2.58411522715944 1.06960379802944 0 1.17276870645762 0.325968370594269 0.36019886774753 2.62371677665554 3.18842347056972 0.19259320157642 0.580982245955402 0.527453837145713 3.23166350123639 0.810703667390758 0.652428457100707 0.820165760638445 0.295746513752304 0.647358597149921 2.18079157565676 1.11823489418743 1.49439781112377 0.338176349725097 0.768224824680267 0.728501931751968 0.644498370744746 1.15923119381213 0.17847986478215 0.370599840235978 0.161729002374861 2.10217675644176 0.835896988820507 2.43559868106282 0.577913975653011 0.416621445043851 0.278397091989745 2.31347164687699 1.07765359618196 0.361146316936498 1.92215586782356 0.657856241566098 2.51897887187942 0.384301967694952 0.247232428108768 1.92612520568135 1.69847522024733 1.39367516804227 1.27378959923673 0.35480134685039 0.794752425110556 0.128984431113304 2.24461751675284 0.417469845602175 0.141368559527107 0.148158107348106 2.19597920835393 0.993543734123341 0.351757342431966 0.942763822602274 1.22079329487876 1.54301537481139 0.672011597815791 2.43614427791607 0.327145743334543 1.57089834818072 0.148080962012626 0.205393835033339 0.259417944174999 1.56839109247295 0.155690131006502 1.17539289858119 0.839283485040829 0.659100275095231 0.501172730037046 0.28035215446165 0.710043529157466 0.513724249557288 0.864032752734362 0.451746503225529 1.12330312564903 1.30212607197638 1.4347652127341 2.05713872869458
"MissCharlotteCsdl_1788.rtf" 1.81463976688968 0.384539006723688 1.41852178010734 1.39273019601628 0.817563887720892 0.350798633426737 1.2197081509564 1.48990134998877 0.499974078167423 1.60893821374232 0.797719331756808 0.920927138143668 1.47362842036818 0.15058528235239 1.17276870645762 0 1.38202744417228 0.934527635530449 1.46448061316052 2.0156547641121 1.25758972024558 0.639224228864028 0.745182945115785 2.08903379054472 1.90151494878747 0.710670440009333 0.474560742639533 1.43837622444398 0.546357059143258 1.04756183021153 0.22706081381366 0.405869369608177 0.916724498302722 0.520496596453932 0.534932160740729 0.550360804570902 0.0543780691632214 1.07192441859414 0.904030176101433 1.23347156268034 0.929408049984141 0.455624794448957 1.31020498534403 0.735006660007997 0.995169593621476 1.33552850374069 1.19435736754957 2.14895755473107 0.837141985592652 0.74938716136594 0.582050673938744 1.37634916118775 0.94321322164649 1.4064685916038 0.885143182461896 0.703785178269959 0.279709214072601 0.232807576017279 0.900578032048902 0.499974078167423 1.05256798069125 1.07184881029521 1.53073897455494 1.04116783085808 1.28606112299078 1.02321050189631 0.368097767828529 1.40627190861401 0.428644817542359 0.117934133584075 0.484218593522885 0.577874031641948 1.35759427371713 0.967580759943436 0.46656496766571 1.11117440227322 1.37816254149096 0.978712617793546 0.523831815826767 1.20281067740949 0.124649696306798 0.473088675963504 1.7825128721219 1.61640522923054 1.35615595775801 0.633745941285441 1.67296041305232 0.507375887410273 1.48965461660422 0.227883014820474 0.324042482802372 0.308288487518559 1.00129408364239
"MissCharlotteCttn_1788.rtf" 0.436894561230985 1.67731418165864 0.16787184979311 0.118684392113586 0.676341445464611 1.13552049432361 0.269161563886713 0.114383788091914 1.04743864326139 0.231193008083626 0.671591253325602 0.511409492403315 2.82397236137854 1.29118675003387 0.325968370594269 1.38202744417228 0 0.663800062961459 2.84301847546078 3.39768220828438 0.175704605829826 0.790240983670065 0.746755535950946 3.4632894143314 0.52376974312877 0.86168719481537 1.12376695585237 0.188157820092342 0.901988135035987 2.4056775916075 1.32749363190209 1.75621331061854 0.557478048530331 0.989807776684699 0.947803630557202 0.853757108459409 1.37853289261736 0.443082354160516 0.611597520632232 0.253687188884894 2.31143549415643 1.14054561349087 2.66483116486798 0.799496927657443 0.635923143849085 0.0504301409529855 2.54819089043196 0.771212349072369 0.601003451155597 2.13141460553823 0.86711497928076 2.75060478497442 0.613811211082074 0.201132960587178 2.23976936198585 2.00084259171849 1.63433539359655 1.58743375554123 0.615917196965312 1.04743864326139 0.415954095872009 2.4538762544675 0.15648335076827 0.428099700091099 0.241459464491519 2.4052379460686 1.25282105051301 0.0481561472180363 1.18162750706662 1.44237624688319 1.77699376845783 0.881270335530454 2.65465168716566 0.548499667908087 1.81690890867607 0.413381935674614 0.207423704473092 0.492112105401264 1.87766533870915 0.31324957472863 1.42091445311377 1.07966225080645 0.400485427949618 0.234377785058257 0.171832326231239 0.930392657419137 0.294422550752055 1.06201470561569 0.135821093721831 1.37041554305527 1.61681765773732 1.63274716561543 2.29406925857733
"MissChld_1788.rtf" 1.0427952851021 1.16649414343659 0.679698864816574 0.645290175681316 0.232810477422091 0.637543331742071 0.394638499074746 0.680584608455115 0.434553557363026 0.817037329589734 0.13680830377364 0.170558319463466 2.37601315199822 0.84578848817076 0.36019886774753 0.934527635530449 0.663800062961459 0 2.33181004432389 2.82822460282219 0.548214848451572 0.317019166971572 0.235547104814064 3.02356142607517 1.1366123443436 0.292229589353177 0.459966892890916 0.541047594902441 0.38817057638719 1.82059270790923 0.758036026439897 1.28629573596255 0.155210595501138 0.491830614103164 0.436595199420319 0.384166830959546 0.933908983615887 0.220717708800943 0.176431027589356 0.410112874076565 1.74197788869423 0.620376942352414 2.14369194873117 0.301519765075907 0.233655690819892 0.620159984878329 2.03707743629989 1.3733361802348 0.153044241775275 1.56195700007603 0.352476961591704 2.3108767967182 0.147580091486707 0.569923698166747 1.6342184733497 1.41854211061579 1.09230219911832 0.98188286690508 0.0478828659961472 0.434553557363026 0.278996847816719 1.88441864900531 0.713324033972507 0.26783522217826 0.508356975095636 1.8357803406064 0.763425181230905 0.711956210179495 0.594538577554854 0.998658589152625 1.3333495114918 0.356653603888501 2.15621116828452 0.115300395053373 1.35072509900471 0.250418127286845 0.565592702780869 0.22589460243706 1.28534571862835 0.473393152766762 0.965731903157485 0.550094719133709 1.01900832679575 0.861371597784577 0.557373088763544 0.513915076696351 0.8318046196915 0.51580750768694 0.728140713802632 0.85888253777204 1.10599761951527 1.08653996768668 1.86101027623347
"MissClnton_1788.rtf" 3.24325566883449 1.32724809436188 2.88300239326786 2.83113481277047 2.23905309441027 1.81527924658725 2.65760897297451 2.95438196314928 1.89725648696087 3.01198307667017 2.19500174055025 2.34343970923904 0.24939441610395 1.61506589551291 2.62371677665554 1.46448061316052 2.84301847546078 2.33181004432389 0 0.577250147357909 2.71311501131587 2.06781636952561 2.09910926306123 0.691751381751275 3.32223582755032 2.05164135343346 1.87184315143298 2.87285763922634 1.99929599598119 0.511217336414662 1.573774017884 1.34815545422554 2.28554042693044 1.95345810996901 1.90613857312785 2.00266966750644 1.49216900368575 2.51352904728927 2.34243479285562 2.67103576801427 0.589832155629661 1.92010540760947 0.188118095592719 2.14317577779919 2.31853857062203 2.79475440853448 0.47931501748798 3.53945234059392 2.27663164380804 0.811533041522626 2.03415267050533 0.214072457508402 2.31441963403361 2.87094920476431 0.697591570974195 1.05024931704964 1.23950784520557 1.43804180034636 2.29786044084235 1.89725648696087 2.49957212817518 0.447391395318587 2.96138982807986 2.48773016758892 2.72446573974497 0.496029703717491 1.80109235965486 2.83714072231142 1.8259272263358 1.52610325137527 1.16346189631327 1.97515644043539 0.338750178280679 2.36486316873688 1.05823843922212 2.50845681106667 2.81656715824515 2.3959190628231 1.12361781959847 2.61532590097977 1.58913030946731 1.92940756389725 3.2335915200166 3.05480984598473 2.7914123518318 2.07215055803963 3.13744102621283 1.90465829620372 2.85662758721536 1.69236362798099 1.54374032461816 1.33392583620398 0.647831347946004
"MissClrk_1788.rtf" 3.8205058161924 1.88337537427909 3.4097302975885 3.40838496012837 2.81630324176817 2.31169380508554 3.18712334083872 3.47869049245124 2.39367104545916 3.58923322402808 2.73225077177144 2.91627119096797 0.825559522000656 2.16405935472962 3.18842347056972 2.0156547641121 3.39768220828438 2.82822460282219 0.577250147357909 0 3.27324448435767 2.60744122461431 2.67635941041913 0.19533682325298 3.89948597490823 2.53599501346901 2.36825770993127 3.36927219772463 2.5410648734198 1.00763189491296 2.07018857638229 1.92540560158345 2.85886651657672 2.44987266846731 2.48338872048575 2.54392509982497 2.06941915104365 3.00994360578757 2.91968494021353 3.16745032651256 1.08624671412796 2.46542050751667 0.762709177527614 2.63086205451524 2.89578871797994 3.35118326785279 0.975729575986274 4.11670248795182 2.85279674970475 1.28662660635437 2.53056722900362 0.789181264764068 2.89166978139152 3.39814830098893 1.26349637252725 1.62749946440755 1.79474830252745 2.01529194770426 2.83362212371933 2.39367104545916 3.06822274480334 0.943805953816882 3.51218805505579 3.05682259497017 3.30171588710288 0.992444262215785 2.37834250701277 3.41439086966933 2.3223417848341 2.05545632105798 1.72209023262499 2.51641187275393 0.916000325638588 2.86127772723517 1.617525122389 3.04034250855709 3.39381730560306 2.97316921018101 1.62003237809677 3.19257604833768 2.14030446041889 2.42582212239554 3.798167636234 3.63205999334264 3.31877178419042 2.64940070539754 3.66002922251369 2.40107285470201 3.43387773457327 2.18877818647928 2.12099047197607 1.83034039470228 1.21626306742832
"MissCp_1788.rtf" 0.607133426842619 1.56460666045203 0.169887381951981 0.178401703241595 0.56142772216057 0.965281628711972 0.153576349376826 0.29008839392174 0.931853428751502 0.40143187369526 0.556006038815715 0.390358537675235 2.65712026496553 1.12094788442224 0.19259320157642 1.25758972024558 0.175704605829826 0.548214848451572 2.71311501131587 3.27324448435767 0 0.665803259743357 0.616852071806046 3.29355333697819 0.694008608740404 0.737249470888662 1.00818174134249 0.239825206487129 0.786402920526099 2.29009237709761 1.20305590797538 1.58936121420553 0.42757458438543 0.823371815890368 0.822017340124526 0.735679829034447 1.24862942847246 0.327497139650629 0.465457403833458 0.138101974375007 2.18699777022972 0.985296488720098 2.5437802101399 0.642382429842434 0.506019679704185 0.125274464876841 2.38680453423714 0.941451214684003 0.453567098048751 2.00697688161152 0.749401739413748 2.5749001791446 0.492760256353995 0.161784091374219 2.11871840725777 1.88592886841445 1.51817345458839 1.46638280081315 0.500331982455425 0.931853428751502 0.277739144221218 2.32943853054079 0.332187956598097 0.289342580612765 0.0746073680785137 2.28080022214189 1.13177009578493 0.17380228197252 1.07217952398077 1.27213738127155 1.65871602085011 0.763193056105493 2.53973796386162 0.432914453398199 1.69102769280063 0.297796721164726 0.123335999939338 0.371061150673185 1.75640707317699 0.189483342007767 1.265665328343 0.970214267720598 0.558560317621714 0.358815508984965 0.157604939801161 0.772841115350119 0.424326014896956 0.944264586269909 0.297207449916644 1.2151664182845 1.45610279274835 1.51444667311276 2.16226015786514
"MissCpr_1788.rtf" 1.21306459157809 0.997826876132055 0.815186023742247 0.800943735514061 0.211604715024891 0.397226567585621 0.602199682397523 0.886565593623673 0.302825102672787 1.00297904104632 0.180210863197932 0.314967965447666 2.1128526492322 0.55519431717903 0.580982245955402 0.639224228864028 0.790240983670065 0.317019166971572 2.06781636952561 2.60744122461431 0.665803259743357 0 0.121943677978105 2.70654225910359 1.29555577609147 0.0714462111453047 0.379153415263773 0.820867755885099 0.162149652668484 1.6610640510189 0.537252648232024 1.04509359847221 0.304450784135694 0.218021743722004 0.213493631998902 0.110283042154362 0.639685523436002 0.454415950035267 0.312243715599214 0.615963094121467 1.52119451048636 0.451709675047884 1.93525650201428 0.109955143337751 0.367494660620323 0.743742043238473 1.82203230055072 1.54299838203506 0.245355525090433 1.34117362186816 0.122167508934881 1.99385762974662 0.337254048950489 0.803132835238701 1.51019469913214 1.30290033548454 0.904760730742847 0.857859092687525 0.283069563490025 0.302825102672787 0.460781520189028 1.66363527079743 0.924403877883291 0.449381370355856 0.694274662488563 1.61499696239853 0.532009074925231 0.806949645055013 0.468646373097772 0.681639422181053 1.09750646293125 0.135795307256605 1.95670943093171 0.350072291384559 1.10578919652974 0.493665933714347 0.786376080988742 0.372753445097544 1.15150674882792 0.59685150471349 0.737937565715165 0.37269210380461 1.19072641161968 1.02461876872832 0.738647489199131 0.24767690277661 1.06962465668722 0.340731435386908 0.87946200213224 0.675889359793794 0.937330352210738 0.888318545813492 1.61458195305075
"MissCrbt_1788.rtf" 1.14414640577327 1.09575732317918 0.786739453758027 0.732025549709243 0.141675181260993 0.514734579700253 0.561346033464678 0.858119023639452 0.36730762261413 0.912873813608946 0.0987388010404239 0.247176769729212 2.19382041053884 0.663333725165652 0.527453837145713 0.745182945115785 0.746755535950946 0.235547104814064 2.09910926306123 2.67635941041913 0.616852071806046 0.121943677978105 0 2.7880143212611 1.2231265644891 0.140364396950122 0.443635935205116 0.776594699716505 0.27751364243321 1.72554657096024 0.606170834036842 1.12212999476624 0.189277487420615 0.339965421700109 0.237504536119648 0.226160477039167 0.716721919730037 0.417266107779443 0.243325529794397 0.57477282850444 1.59011269629118 0.560452302105019 1.96477279510943 0.149654572672853 0.249986648505691 0.698491469024648 1.93954031266536 1.44034307753269 0.180368704298213 1.41009180767298 0.239675521049512 2.08031735555777 0.215310370972384 0.774686265254481 1.54839727260914 1.32383609936628 0.953627648451022 0.881869996808272 0.201597501332517 0.36730762261413 0.403309188665351 1.73255345660225 0.865126888570034 0.391467228079092 0.625356476683745 1.68391514820335 0.609045471219266 0.738031459250195 0.53005375280011 0.792533891898597 1.19293585358387 0.198647249968121 1.97764519481345 0.268600229227051 1.20363538056619 0.412193871556839 0.717457895183925 0.296809799761881 1.26901476094255 0.516216637918541 0.840821141727916 0.487124975680235 1.13732858050677 0.955700582923505 0.695149412321972 0.321638158831639 1.041178086703 0.402138815089246 0.757518324154134 0.79032223166942 1.01129160826577 0.949725925515829 1.70020796053277
