"Btsy_1788.rtf" "Conclusion_1788.rtf" "Emma_1788.rtf" "MadamDslz_1788.rtf" "MadamoiselleDuPar_1788.rtf" "MissBetsyClrke_1788.rtf" "MissBetsyHdsn_1788.rtf" "MissBetsyHstng_1788.rtf" "MissBetsyRlns_1788.rtf" "MissBlke_1788.rtf" "MissBltn_1788.rtf" "MissBnd_1788.rtf" "MissBrn_1788.rtf" "MissBrwn_1788.rtf" "MissBrwn2_1788.rtf" "MissCharlotteCsdl_1788.rtf" "MissCharlotteCttn_1788.rtf" "MissChld_1788.rtf" "MissClnton_1788.rtf" "MissClrk_1788.rtf" "MissCp_1788.rtf" "MissCpr_1788.rtf" "MissCrbt_1788.rtf" "MissDglss_1788.rtf" "MissDvnprt_1788.rtf" "MissDvnshre_1788.rtf" "MissElizabethWtkns_1788.rtf" "MissElizaWbstr_1788.rtf" "MissEmmaElltt_1788.rtf" "MissFannyCortny_1788.rtf" "MissFannyHnly_1788.rtf" "MissFrsr_1788.rtf" "MissGrce_1788.rtf" "MissGrdner_1788.rtf" "MissGrge_1788.rtf" "MissGrn_1788.rtf" "MissHarrietBrn_1788.rtf" "MissHarrietJns_1788.rtf" "MissHarrietLld_1788.rtf" "MissHlln_1788.rtf" "MissHllnd_1788.rtf" "MissHllngbrg_1788.rtf" "MissHrdy_1788.rtf" "MissJennyHbrd_1788.rtf" "MissJhntn_1788.rtf" "MissJnes_1788.rtf" "MissJnsn_1788.rtf" "MissKlpn_1788.rtf" "MissKn_1788.rtf" "MissLcs_1788.rtf" "MissLndsy_1788.rtf" "MissLnsy_1788.rtf" "MissLouiaMnsn_1788.rtf" "MissLstr_1788.rtf" "MissLvr_1788.rtf" "MissLws_1788.rtf" "MissMlswrth_1788.rtf" "MissMltn_1788.rtf" "MissMntn_1788.rtf" "MissMrrs_1788.rtf" "MissNancyDvs_1788.rtf" "MissNble_1788.rtf" "MissPhoebeBrn_1788.rtf" "MissPmbrke_1788.rtf" "MissRbnsn_1788.rtf" "MissRchrdsn_1788.rtf" "MissRfs_1788.rtf" "MissSarahSddns_1788.rtf" "MissSms_1788.rtf" "MissSphiaMrtn_1788.rtf" "MissSpncr_1788.rtf" "MissTfn_1788.rtf" "MissTrbt_1788.rtf" "MissTwnsdn_1788.rtf" "MissWd_1788.rtf" "MissWlknsn_1788.rtf" "MissWllms_1788.rtf" "MissWlsn_1788.rtf" "MissWrnr_1788.rtf" "MrsAntrbs_1788.rtf" "MrsCharlotteFne_1788.rtf" "MrsChshline_1788.rtf" "MrsCrsby_1788.rtf" "MrsDd_1788.rtf" "MrsDfld_1788.rtf" "MrsGrffn_1788.rtf" "MrsHrvy_1788.rtf" "MrsHwrd.rtf" "MrsNtn_1788.rtf" "MrsSttn_1788i.rtf" "MrsWd_1788.rtf" "MrsWrd_1788.rtf" "MrsWtpl_1788.rtf"
"Btsy_1788.rtf" 0 1.15403246088943 0.575667630096475 0.58837977119746 0.872770539088469 1.05649784976134 0.645344055527347 0.514999055940785 1.00503083114286 0.526233425036929 0.926220486309328 0.824116988046614 1.59799466982799 1.04642294501103 0.632359346610194 1.04767484019314 0.678124168626992 0.720611260312005 1.8776935899388 1.77075392083387 0.548209651229037 0.856811599390248 0.8440323806558 1.93089136573671 0.458661249892001 0.999064379348469 1.06882305768686 0.669114922836791 0.872020751178557 1.46434695282775 1.102470776436 1.1988522988788 0.901610764155989 0.962561108517701 0.912846105041648 0.879507287506715 1.03628849183924 0.655829967584183 0.740811759349162 0.660770638227049 1.54289674222953 0.990304325789129 1.55383044482002 0.819063940725245 0.796418692707167 0.575157979881724 1.52063389906967 0.609402822392943 0.836694949283285 1.37981675412551 0.931588079915717 1.46122000915797 0.783167264996683 0.579502418613749 1.46235598586448 1.26341452245033 1.23109958771175 1.32820448902042 0.818112989624062 0.976816259605804 0.772189297924241 1.45340950635377 0.652825439588398 0.701024959268213 0.726959616960506 1.39861956803829 0.967251322815267 0.581934694433461 0.950737056662396 1.22706890778733 1.17392771374292 1.0371570904105 1.64965998010151 0.701149614719641 1.33248600067346 0.694504661592763 0.601058514306287 0.69885092112253 1.24055972338323 0.615173621145819 1.21536828553667 0.932835066952659 0.457528116094853 0.430034094265963 0.72999598822988 0.868127292956285 0.544150833481943 1.05815825892149 0.75043243453483 1.20548161221311 1.01871527762335 1.29069786926007 1.44187697434517
"Conclusion_1788.rtf" 1.15403246088943 0 1.03076309168719 1.04187839189201 0.86151719062279 0.654164333425187 0.935687638239228 1.0116411691216 0.606855587092055 1.00509507617045 0.917708073926581 0.782178695567218 0.821528805397311 0.672922588986019 0.808144861899027 0.534637619568058 1.05438209403226 0.837906197825013 1.24117531647601 1.0223921177289 0.832403264456918 0.745276606350792 0.855740679160321 1.16836126365234 1.1201957933278 0.887384781311614 0.740687967592097 1.01164732226986 0.79468116908742 0.752908753641141 0.640229176439938 0.600094136176158 1.00495354853251 0.821333405793341 0.800429447488468 0.592809667355868 0.578188182713905 0.75259103775607 0.715917832578161 0.859665947945576 0.805446432273714 0.637806798352094 0.662209801405569 0.789965870499571 0.99086263324973 1.04246217699311 0.907711671570611 1.25029016569234 0.874973890379496 0.787474056235325 0.783864373385701 0.716664599223389 0.88937662223229 0.801704421148724 0.768087316091774 0.552281354073158 0.463131045351938 0.667204000616722 0.782162016701702 0.733153301463697 0.846521508592273 0.74868370787598 1.04032405883072 0.844511902276076 1.05026942764026 0.743828673926328 0.685284531109863 1.01703322816562 0.599624970181257 0.752910138306461 0.406665495377349 0.91422959080812 1.10923742718142 0.837092441600954 0.639170851654673 0.813823361596895 0.857158111866774 0.906499123396694 0.457786994644242 0.922210604825354 0.584250196209904 0.76489666312957 1.07752493676694 0.956459568532036 0.992212356452699 0.842083781619247 1.00284836301087 0.70865313489947 1.29414639013478 0.653812027231425 0.471062020931848 0.766541206824489 0.715283409693464
"Emma_1788.rtf" 0.575667630096475 1.03076309168719 0 0.497144455014103 0.731734569660973 0.871768073228878 0.551692991836005 0.527965520022967 0.912604025480391 0.503005116502343 0.831822895407312 0.683884067740701 1.45290569226875 0.935555065649307 0.608380049587727 0.944879677053778 0.513673861595526 0.70815573631189 1.71579157781363 1.67014786074228 0.43896004281125 0.691410395076148 0.777118214580305 1.8008809716759 0.613992163385751 0.827294290212278 0.964664427710757 0.481775205757251 0.831767316182046 1.2935200906873 0.871819678102506 1.11221614670235 0.731256036123369 0.889222471285705 0.84761445274562 0.676108244995568 0.910903746924186 0.62311424694393 0.637555364893216 0.552192355535263 1.43197235641808 0.792106064801284 1.40456960053111 0.759025582200888 0.753666478254952 0.553973692562024 1.35670282667506 0.682991952674147 0.699053298458582 1.20889814202792 0.70170890898453 1.29724094853714 0.685852916721828 0.403049300695023 1.33254533513539 1.18043398941799 1.0329354772318 1.23842971191031 0.747023184849818 0.831638548074708 0.6425165193055 1.33225345049985 0.56135934083819 0.613519838119924 0.622262006247225 1.35552014433979 0.913406499401776 0.419080462230157 0.858276750848919 1.00345318045547 1.08300545102403 0.802370780492111 1.73579797595947 0.713739249308466 1.2588773743123 0.532505234357596 0.46313801968629 0.6973032435144 1.10357965626351 0.55748282896551 0.985511261509155 0.817231787030856 0.596069194379998 0.464313667192043 0.517560373408268 0.740252250550545 0.498158999756197 0.896164799887397 0.707195199821372 0.970038079244451 0.955979825673242 1.15318164430454 1.27185548804024
"MadamDslz_1788.rtf" 0.58837977119746 1.04187839189201 0.497144455014103 0 0.734595343157573 0.839921364397382 0.56617743749793 0.594396786936777 0.906286291427795 0.544596008226381 0.837212300084589 0.656183227746537 1.42969884823842 0.948121053132732 0.508162084606951 0.953406711317679 0.571324881872321 0.561553988380203 1.7270816163891 1.6842544660899 0.451472864352409 0.655566573259011 0.775727977719629 1.811248879914 0.6849599498194 0.901459514899152 0.999560731420354 0.585778993401637 0.812398342474433 1.36516738362589 0.972481896377333 1.09936785524697 0.764388904611541 0.896449025352743 0.844571052168954 0.760509596364932 0.876451207680848 0.585157829821245 0.545646118885106 0.555616560955634 1.42709737425323 0.830605914083758 1.34237299780102 0.819316552401726 0.676279280689732 0.41241127982767 1.38216212857928 0.729484482812357 0.705547295691918 1.21033390809695 0.85385411221845 1.40025582771582 0.694908654921142 0.493972812009871 1.44837206060156 1.13641843411085 1.09211139788569 1.04577825633935 0.725433204669413 0.918945268310214 0.640452753061137 1.31599632364397 0.711803297539032 0.621876637365144 0.599090753400552 1.2573928039318 0.871597623724013 0.507021145795117 0.830575031386616 1.06859681429004 0.99893495398501 0.900670655416931 1.59748852027799 0.565141247816199 1.23240236875143 0.562982056099751 0.552195576818167 0.631496202743672 1.09947488383103 0.552197452153116 0.979471148501897 0.985996216550334 0.596113989471366 0.484828583463407 0.541202210297768 0.861933359840205 0.574140932071354 0.870368725373257 0.716256352865317 1.0055994953403 0.965950787990541 1.22257759771615 1.39667685247071
"MadamoiselleDuPar_1788.rtf" 0.872770539088469 0.86151719062279 0.731734569660973 0.734595343157573 0 0.616334570614025 0.711655184813283 0.864718210743485 0.647814466513203 0.756338721850007 0.578798563775632 0.672040583717346 1.29196998559114 0.830943938038154 0.565537810600895 0.757733498218333 0.73693285082476 0.524545951467123 1.54967688127503 1.55145739632607 0.60648598895448 0.437186012684346 0.587912932648964 1.55221597787858 0.743617240102961 0.539179678894639 0.675370414348555 0.706371341463976 0.658052238819316 1.19996231403397 0.752116667650236 0.93141537531692 0.653317703199703 0.541036104305949 0.640719778497935 0.625257834999942 0.781115146733469 0.524224729132354 0.589697366606751 0.685483851165881 1.1241868610238 0.616724133031301 1.17509968799232 0.511063816017122 0.559585100092003 0.676109234389376 1.23790523336277 0.945324352110532 0.525994358254441 1.10005897227557 0.628594572618707 1.23801669593486 0.579559317264768 0.667130387199187 1.14719443531466 0.962662530398974 0.844818512836024 1.01561928703252 0.53661129759007 0.790086338843643 0.622636111615915 1.12879383491489 0.692253604792105 0.518361251713229 0.844521281679408 1.17232625558064 0.72214956874137 0.638676950104165 0.719516136736675 0.979675592769907 0.862681485344359 0.721047320433661 1.3937626420353 0.598350524172763 1.1051530518236 0.565037151062499 0.677810996503092 0.546661991021146 0.938690799752586 0.614558201392314 0.765346461556614 0.813796233874846 0.772011921680666 0.661114960455801 0.796826969689335 0.695334804191616 0.738247754335515 0.667118401571269 0.765400935844976 0.766778445327364 0.812289262364307 0.954866704383705 1.11881461423541
"MissBetsyClrke_1788.rtf" 1.05649784976134 0.654164333425187 0.871768073228878 0.839921364397382 0.616334570614025 0 0.782204371056932 0.961301010534989 0.566460931016201 0.915727457043099 0.796393063914188 0.720401945440452 1.04248835631122 0.597123162650722 0.79278731521174 0.506586125229907 0.841101473734759 0.639102157296732 1.40632836203963 1.30510792744697 0.716323495447183 0.570196396606798 0.668795129886781 1.35527522902208 0.945151552790979 0.648590500472643 0.541745707482904 0.866042091845719 0.494166354658584 0.916137131214093 0.583926103104707 0.799991397522174 0.827770120846834 0.625866569774636 0.520419522901948 0.505417409424874 0.61921323350059 0.631140571967404 0.635208111552328 0.722627984464638 0.947681645787634 0.56376482315574 0.975671095153063 0.666402076167577 0.730580631672407 0.783880166547848 1.08451149841784 1.10358484646953 0.687081441025274 0.878053602499751 0.633731547969585 0.994375160134183 0.706696038273353 0.74437095335024 1.03618207738139 0.834362121095609 0.722943395335658 0.83622046875125 0.697895103990229 0.638480821489966 0.789323416527435 0.900628837611758 0.954395142121067 0.668306150222906 0.905098221791609 0.87133821489987 0.511160315199383 0.836272233999635 0.403823162979571 0.70804996436654 0.744175959322733 0.784394053927796 1.32446056945798 0.750555392483561 0.842309420633982 0.618335356520496 0.796335324826555 0.682497571115307 0.702634114278131 0.905991587456443 0.623564343635263 0.586287997057807 0.994299295396547 0.841309155105755 0.925388061851781 0.705532612945374 0.793156308980299 0.588583953100159 1.01399502197761 0.579313752730002 0.657414220656984 0.879258700351752 1.03335914376005
"MissBetsyHdsn_1788.rtf" 0.645344055527347 0.935687638239228 0.551692991836005 0.56617743749793 0.711655184813283 0.782204371056932 0 0.496222969545959 0.786423148017808 0.600297803615485 0.818202522670518 0.550882884156259 1.36597416406763 0.821695452821018 0.414815990903591 0.870751607825364 0.649986975974233 0.548053143979171 1.76602764158539 1.63190318929767 0.372278735231584 0.673142064464353 0.731823934470833 1.78380098454171 0.690261961307256 0.817263933265258 0.801518914369833 0.595633298345064 0.624711926683043 1.31354474324195 0.770634160299169 1.13303270830004 0.671038017969652 0.911322754452493 0.785389759783956 0.707867623161314 0.876555344854354 0.496790939676468 0.593861384421225 0.374689601652286 1.37556051490202 0.833367870592262 1.36174501350881 0.729363891678345 0.635282419742211 0.570438393049087 1.35877595423596 0.738264597161419 0.723674703293588 1.18343781589485 0.691939877129514 1.30356564506748 0.609883209373435 0.500144223364537 1.2129079310947 1.08942664901995 0.93589778348138 1.026714926259 0.664171591778831 0.842894211565039 0.566417544552035 1.23639651946746 0.640883966842091 0.459174911291108 0.607963579382397 1.23305190366341 0.800476209653286 0.481709052575959 0.818194273357242 1.06460072956264 1.07481483696186 0.815524807735689 1.48659431012195 0.632687594370869 1.13204949269102 0.517669773785444 0.526560563656835 0.604945566274367 1.04158787215866 0.49817513558835 0.979997497302496 0.855980678933686 0.646511290557968 0.557646759840341 0.60224962237754 0.860451657036311 0.521357218668092 0.894310743801606 0.877883193155358 0.899208117993857 0.8995657487694 1.0854798333358 1.31206711185982
"MissBetsyHstng_1788.rtf" 0.514999055940785 1.0116411691216 0.527965520022967 0.594396786936777 0.864718210743485 0.961301010534989 0.496222969545959 0 0.887477440268854 0.554404119936511 0.97467349451519 0.626383133492707 1.40913941735502 0.952086835494607 0.493962920330118 0.980255720382968 0.654376438468621 0.683253781254268 1.77748860199034 1.70312777743885 0.430980651259453 0.773717392265742 0.809786490590477 1.8780602105693 0.555128344991489 0.941055711087515 0.957715463837934 0.520512617780839 0.847506623578076 1.41519904350991 0.956422861850739 1.18607216507692 0.850424564563307 1.00627399408291 0.908059890522427 0.748696118171927 0.971376085360876 0.617205617640168 0.703051306437685 0.489526612480445 1.40938143586755 0.948233765950228 1.48588896116546 0.815707605922162 0.778753045441734 0.55313462374366 1.50138939446046 0.634734268435519 0.777839391315459 1.35685976869197 0.808627646134594 1.36278047994775 0.7659923206887 0.453603724877698 1.43532616844139 1.28809585689982 1.10972928185195 1.24481310533204 0.738926337156725 0.857203430720027 0.697329202467793 1.34535632308592 0.593979351301833 0.662305178041009 0.643444555214058 1.40344388795975 0.985686534893418 0.475976710504406 0.92180853409836 1.24785029165224 1.14666265104267 0.9438532606702 1.71595419262745 0.657035071539204 1.26854127708915 0.561523760950277 0.524763239331833 0.709294511548997 1.13216595871615 0.651226970428425 1.10106228196743 0.906496169359299 0.562590626958985 0.456633945766831 0.605569106635158 0.878563118221426 0.502090179895034 0.980630372627674 0.762487966286558 1.11299204254834 1.02313604413121 1.31849166970431 1.34568138723287
"MissBetsyRlns_1788.rtf" 1.00503083114286 0.606855587092055 0.912604025480391 0.906286291427795 0.647814466513203 0.566460931016201 0.786423148017808 0.887477440268854 0 0.841936192117861 0.789948182926173 0.655416772957131 1.08896760908 0.667956009086893 0.659277793446192 0.567849538007425 0.928712375012626 0.530668866775476 1.31445645351147 1.29624927730176 0.723833949570205 0.58471937076805 0.573536474698628 1.44310691066022 0.963504590615353 0.630760326409074 0.48877608353011 0.813751369931685 0.605813829185428 0.979222505133203 0.53361284717369 0.855461392180656 0.837778791663864 0.490986189338446 0.556620270846808 0.456459184030645 0.683818646835127 0.592493607558251 0.665740851343925 0.708738547068664 1.03814106645963 0.535019445548718 1.01979151665696 0.558850536513846 0.659210387550344 0.841919671221595 1.15215107624121 1.08176271042599 0.605096893889945 0.992797600381553 0.611098812980521 1.07748609750453 0.69185665197378 0.636723658856255 1.00767870056552 0.855996525231245 0.715362393408947 0.736890268658641 0.673643032094479 0.414579492835545 0.648406482211747 1.0121394213011 0.853078171561312 0.588278998044165 0.908481997495895 0.961172648947783 0.60313080271644 0.88542674406897 0.525266295576545 0.762751871818265 0.748911498512382 0.774829037209308 1.29973736640898 0.62151669276956 0.887692762419108 0.649709301475456 0.699018534288455 0.687752596088361 0.758858018203953 0.744187570750498 0.73918967201964 0.627593785573092 0.925043803483269 0.81090802373638 0.902315221732066 0.698828829558568 0.874801827409698 0.48945515971542 1.00905456487548 0.692254978091655 0.687760980760164 0.870115326148408 1.01991584124297
"MissBlke_1788.rtf" 0.526233425036929 1.00509507617045 0.503005116502343 0.544596008226381 0.756338721850007 0.915727457043099 0.600297803615485 0.554404119936511 0.841936192117861 0 0.937803780547538 0.684573700992766 1.40829550654964 1.01844548715629 0.54155985237731 0.925220929234015 0.467503158571824 0.620478202041935 1.75623796168681 1.67314967678409 0.471176328481032 0.75760062532125 0.829207552978431 1.73352699273244 0.52443930063368 0.895302649565811 0.925545534402224 0.555156056963225 0.845962319696039 1.32694659825888 0.972119876974907 1.18138246618422 0.859499991459604 0.915446518182972 0.836428953948181 0.714697867456415 0.905895436721079 0.55700698137893 0.709833921280014 0.520221532141564 1.43374932792445 0.900381787396966 1.34503199926567 0.804164617012215 0.761349911076746 0.492438624221329 1.48399864313264 0.694733320560568 0.711469601583294 1.34777799536461 0.849993372459317 1.39377040783091 0.642392561486142 0.49438671674402 1.3843379845414 1.19855041556848 1.05542251390605 1.24859490401034 0.665510956341825 0.846796793918031 0.661331845402511 1.24615155737552 0.482088656062544 0.594235908536966 0.651147751541025 1.37344538176659 0.931347588798303 0.450021540717077 0.926784827019938 1.12847196672882 1.05211342431057 0.861786881365487 1.72771665933645 0.70137114554178 1.2907546369265 0.595190565019969 0.495594768624813 0.673998961496626 1.14537136967796 0.666203260118207 1.01126671702326 0.9867252900108 0.486607369424719 0.346967922980467 0.579958598543767 0.923662968090377 0.479502613840239 0.906561441833118 0.669498191109124 1.02698772637519 1.03570376790858 1.27473589611721 1.37975823763934
"MissBltn_1788.rtf" 0.926220486309328 0.917708073926581 0.831822895407312 0.837212300084589 0.578798563775632 0.796393063914188 0.818202522670518 0.97467349451519 0.789948182926173 0.937803780547538 0 0.675650379641231 1.43045128599967 0.927105994031465 0.742463629464224 0.866815389918757 0.793686416785081 0.656600135365522 1.67899860873417 1.52750105704934 0.723357552025929 0.588813229738619 0.646774854354673 1.69108479869555 0.904443511595682 0.674035606336476 0.89846165340331 0.93065083446842 0.729403842067608 1.23522766339137 0.8780055920813 1.00238607819118 0.742993175672504 0.685776084537994 0.736726468197352 0.635429341951539 0.803203934655935 0.679750675442784 0.485103347914932 0.816880945828643 1.22548572336442 0.778794930323035 1.33376096127523 0.631486317548632 0.688186906243315 0.885985020540433 1.27643419673448 1.04095585110226 0.786393767564021 1.16210798768126 0.780581295144393 1.34043302377188 0.728204512300721 0.793650563843581 1.16685681272418 1.06349959679238 0.948076976616356 0.973639708977628 0.6146560722037 0.8553859196538 0.722654950089988 1.21047005682813 0.81676889676507 0.722192603840238 0.819578077296864 1.12425167487668 0.822435825619009 0.793893330917389 0.703466055089249 1.01160621343143 1.0655054511766 0.713035811626162 1.60975953257812 0.605830812445739 1.20139842049025 0.640619112683216 0.807661954004941 0.654932132213962 1.06402870369339 0.762536233135954 0.983582788106391 0.928966431327459 0.99476840604483 0.923644430579369 0.865214395138439 0.781158043943823 0.856796379654369 0.651889966500181 1.00403583616344 0.9473893622597 0.993039937471386 1.12566998844087 1.2902884670533
"MissBnd_1788.rtf" 0.824116988046614 0.782178695567218 0.683884067740701 0.656183227746537 0.672040583717346 0.720401945440452 0.550882884156259 0.626383133492707 0.655416772957131 0.684573700992766 0.675650379641231 0 1.22158449456749 0.850264030404895 0.456810214170513 0.75842016172571 0.712467811930954 0.529527744400663 1.51967418989189 1.4820603292709 0.581679638757293 0.594302680064537 0.552669075588949 1.55365672195898 0.817622860192034 0.70538400930269 0.672306099735468 0.766236118376653 0.658117350157896 1.25091338692658 0.743295291680417 1.02792784280486 0.664084414976301 0.720498030040608 0.698980786821095 0.53799839711484 0.759182388493311 0.425212286948276 0.473845016175006 0.509792869015927 1.21585153239978 0.762419174796973 1.23671843594939 0.536026229362181 0.459120915860596 0.720931124078579 1.34412316366212 0.917798351089428 0.584357044866532 1.17866144447246 0.599690578200771 1.25998222561328 0.501321396315019 0.528376527148323 1.18912401151524 1.01301070536773 0.891329173865944 1.00011400461095 0.544552645350699 0.710520062303482 0.443915041039719 1.1776857779109 0.760570389144486 0.53642551414447 0.704621929599707 1.15884819881864 0.850272311847732 0.606005180576834 0.780250042995288 0.989411428631046 0.928404370100697 0.724491934640159 1.50142168232334 0.60660831552966 1.00593576732366 0.498287539832214 0.550060003085305 0.541949188498449 0.926169619248151 0.593669391320022 0.984880891149534 0.762520840632524 0.791311253042486 0.666488459715124 0.592380205304852 0.690002827304043 0.753190204995866 0.737270649848419 0.943734278209077 0.935329923402997 0.875238221424176 1.10709453927703 1.18261123456207
"MissBrn_1788.rtf" 1.59799466982799 0.821528805397311 1.45290569226875 1.42969884823842 1.29196998559114 1.04248835631122 1.36597416406763 1.40913941735502 1.08896760908 1.40829550654964 1.43045128599967 1.22158449456749 0 1.03843613923768 1.26863891358347 0.917447209879525 1.43079620935495 1.18392337475043 0.81752846293953 0.743787533053206 1.25943233562126 1.16843318556363 1.20395271156423 0.608737953905853 1.57207097150912 1.2610212281037 1.1933006468267 1.52417456843109 1.14762545265515 0.701350165908696 0.993688348710018 0.948022439010272 1.37519496741662 1.19694038346399 1.17731106520575 1.09472034242161 0.895139315502196 1.2324881120093 1.22717724487692 1.26144329695717 0.811809575573089 1.11168327662445 0.468141396050331 1.20425838202696 1.31957266409908 1.3751723130826 0.630613311943791 1.69075198058145 1.26503437155533 0.911201390065141 1.20036720145281 0.420055653659701 1.23848362931938 1.29504359948808 0.854602984124724 0.885560288149223 0.884332005979366 1.10780510687652 1.23913760116232 1.11848934193594 1.32105469562044 0.587875221685806 1.54654403986637 1.25872007601158 1.44011700422964 0.590311673805411 1.14348970824539 1.36348860911833 1.09040173143774 1.10249345398227 0.828849158971935 1.30461253058198 0.823038191822062 1.31419519727479 0.88680115493717 1.23493998009076 1.33003259856738 1.29744032796245 0.631643584376544 1.44043144946043 1.04994389864798 1.24388197881678 1.56758458534866 1.3747415262046 1.48489391677743 1.23829914081179 1.41401182915884 1.2073546593344 1.69248989486123 1.03984919697557 0.885612736583058 1.17612624258266 0.71804696722296
"MissBrwn_1788.rtf" 1.04642294501103 0.672922588986019 0.935555065649307 0.948121053132732 0.830943938038154 0.597123162650722 0.821695452821018 0.952086835494607 0.667956009086893 1.01844548715629 0.927105994031465 0.850264030404895 1.03843613923768 0 0.893977673528595 0.424149863438928 1.02038258891018 0.750426568083267 1.36476236637108 1.21446262730994 0.69037241544917 0.658497383487403 0.664579885629632 1.41671175864476 1.10490849345888 0.757624314306229 0.614639834038237 0.949207547098004 0.71382321090927 0.930744465702304 0.593157218239903 0.69073677351049 0.800567743321179 0.743151989156526 0.630501905080216 0.612118613626119 0.511406152089644 0.811026546235323 0.7050029389224 0.90664979945028 0.985912571750146 0.64006022132518 1.03278149347285 0.709942938222353 0.841787597131189 0.884290343198352 1.04760200205686 1.11732597125181 0.767445042926914 0.76507672078852 0.539264364035998 0.831561786523734 0.773362354277057 0.790618052797696 0.817830116538274 0.775491834612125 0.603070864348775 0.789609652288832 0.813341309490704 0.645161812643676 0.854646256604184 0.82101447831478 1.04186604419393 0.684003429422283 0.949752105103586 0.882932375605632 0.704709320890743 0.833144578282762 0.585751241219309 0.547727768403369 0.693562081147957 0.75796900221916 1.15344238991838 0.753131765533352 0.745919763591557 0.746192204270729 0.894832911248117 0.758386978762761 0.664402537323343 0.915100876776671 0.655020222975169 0.622422575992315 1.01415292400575 0.936415123060721 0.867142460814034 0.75815671751161 1.04438591226907 0.70160265579154 1.07169924813854 0.575581609175204 0.558448960327787 0.758509577252884 1.02487275932197
"MissBrwn2_1788.rtf" 0.632359346610194 0.808144861899027 0.608380049587727 0.508162084606951 0.565537810600895 0.79278731521174 0.414815990903591 0.493962920330118 0.659277793446192 0.54155985237731 0.742463629464224 0.456810214170513 1.26863891358347 0.893977673528595 0 0.780186239148141 0.632395991907837 0.483908118552865 1.64522267035089 1.54261800820251 0.373040019519972 0.573074905496637 0.635583792811837 1.66625492937089 0.61453968285102 0.757340842332634 0.767344516735728 0.51316733511727 0.706896879131363 1.27083064917067 0.790187213169554 1.04696203643446 0.709878947525947 0.681671207740336 0.736964489191226 0.637625234799564 0.822129032370491 0.42337266777269 0.534108965875793 0.422926764778106 1.31512141297145 0.790808417608833 1.31025230144856 0.503213784148037 0.56266618346272 0.520906341499467 1.25124939121209 0.840652781099673 0.570157875571716 1.20180869609614 0.73326650016297 1.24255230611364 0.556433581079985 0.397622688297221 1.21523223819034 1.01802638587122 0.908421964668429 0.991301111254831 0.57395950317534 0.757660580547525 0.533564683123251 1.19470940896937 0.632380665285657 0.477001038024755 0.52421726704214 1.24255523573796 0.84964018617264 0.516217963723849 0.780034954075837 1.04928121772425 0.903986604486245 0.843403336457918 1.47566648358607 0.451918541473405 1.08153849402477 0.452627425130874 0.466144718178496 0.502383910808127 0.952637516048325 0.481169404048147 0.928253367389758 0.832504006091959 0.63000939647677 0.501481714159197 0.598744352276087 0.76221680909961 0.542292703848008 0.816673200620125 0.799930457918568 0.944102771082025 0.799605387531667 1.15132908361708 1.1467109176007
"MissCharlotteCsdl_1788.rtf" 1.04767484019314 0.534637619568058 0.944879677053778 0.953406711317679 0.757733498218333 0.506586125229907 0.870751607825364 0.980255720382968 0.567849538007425 0.925220929234015 0.866815389918757 0.75842016172571 0.917447209879525 0.424149863438928 0.780186239148141 0 0.91236287068954 0.658140102671296 1.13816067721542 0.998610776151442 0.736552895056148 0.653925972536698 0.687276653266081 1.28809305284514 1.04719279826334 0.720225035299042 0.569279002877872 0.89184457231749 0.604917034708341 0.787020297268755 0.535248426985471 0.590137565637417 0.83988929046923 0.602919995457616 0.612394055727372 0.615635059396905 0.442236072288521 0.664144731513185 0.685530750273449 0.80373585812032 0.887372130204709 0.619375316295065 0.890764878217172 0.695800520266529 0.754151445545703 0.912591269604399 0.890312357904062 1.17034999615415 0.704229203401541 0.765784158369083 0.669257443742244 0.817204637791475 0.691462844869893 0.765200758621983 0.821683535499668 0.695633759580088 0.485729007685945 0.690549073193694 0.730569415129412 0.695987069510963 0.814985497111282 0.740502991341681 1.01333626543981 0.69372733221155 0.981528172084798 0.744592105463926 0.501976855734387 0.915760056369833 0.575094883552149 0.594990715010774 0.588673763835075 0.75589375073648 1.12215767536754 0.739191788222569 0.711430190441089 0.759295353163768 0.832116321971932 0.741180030289752 0.581299155645702 0.865725912860725 0.510749857151688 0.662862409221257 1.02196003961628 0.870325997444142 1.01069731209915 0.754481434996642 0.940140164158883 0.701263375066492 1.05874847856129 0.571421963492993 0.526958661916449 0.795578437057694 0.855151951505346
"MissCharlotteCttn_1788.rtf" 0.678124168626992 1.05438209403226 0.513673861595526 0.571324881872321 0.73693285082476 0.841101473734759 0.649986975974233 0.654376438468621 0.928712375012626 0.467503158571824 0.793686416785081 0.712467811930954 1.43079620935495 1.02038258891018 0.632395991907837 0.91236287068954 0 0.727954391951813 1.8128766792114 1.6752640973953 0.44741555126383 0.726654940491883 0.777862241077677 1.64293481625896 0.593342337974737 0.765454469462403 0.963749809204101 0.596726014164399 0.777678497701523 1.28467183661527 0.919799054250137 1.24058704446789 0.767600182017325 0.922114335625378 0.753715617737985 0.697264377448288 0.957347553944431 0.563031224240347 0.686167867692938 0.558800919631095 1.44754653400691 0.845411506699031 1.39639942098797 0.778631761166132 0.770149475457626 0.537530422272294 1.36462711851951 0.740528290260857 0.658118614993449 1.33772530966066 0.843937009220871 1.33832872625403 0.650919913580228 0.442438767067651 1.39274201223423 1.2767739847287 0.998196810419086 1.16292158040434 0.637161060396207 0.85248817308501 0.661440145914052 1.30856992112849 0.570596489457469 0.623484509294044 0.590070812007777 1.33665406832506 0.969026265956697 0.405326697691898 0.876136424896712 1.01716280022368 1.0432124781954 0.836622438833614 1.69141655944244 0.68127559751635 1.23382024080487 0.543746260058153 0.516337225776765 0.664289350114987 1.13815890910702 0.633406143695613 0.942320032119209 0.941902287178215 0.655289961454535 0.437344672420401 0.517366426300678 0.870498782943455 0.492091485976643 0.94037483705521 0.67156419441212 0.935377551745029 1.03343817876354 1.24454926529714 1.34430736421563
"MissChld_1788.rtf" 0.720611260312005 0.837906197825013 0.70815573631189 0.561553988380203 0.524545951467123 0.639102157296732 0.548053143979171 0.683253781254268 0.530668866775476 0.620478202041935 0.656600135365522 0.529527744400663 1.18392337475043 0.750426568083267 0.483908118552865 0.658140102671296 0.727954391951813 0 1.4315451298492 1.36646904247333 0.520441798155821 0.49626261260953 0.508901666562869 1.58492038421729 0.783447596179646 0.652544219438688 0.574251110350471 0.640134016985177 0.483512782918406 1.09491189222091 0.687523683505326 0.93507103828061 0.627958125478974 0.618781799163608 0.515728180315085 0.546153648919961 0.651675970419566 0.410485483241741 0.470916703695949 0.526635778121308 1.16109264073089 0.647592246426052 1.18773895613557 0.595082999440425 0.444371068059084 0.579387013906251 1.18869214927157 0.897007966890824 0.486854215305073 0.991312868835119 0.623059711529097 1.1723478656464 0.491697869554405 0.548695428455218 1.17526978518793 0.880545181517132 0.855820252958095 0.902083103664007 0.472632192199417 0.536313985622501 0.583094451633972 0.990902237508093 0.75484286380054 0.425845602119748 0.728582375946245 1.03761175967841 0.63636957657901 0.669431271488305 0.722269185982359 0.917004837769811 0.81026151946512 0.657709800513536 1.28730105506008 0.413049207409786 1.07836603464457 0.504042051442969 0.562242456662937 0.436664512991566 0.843117139297838 0.630759134414058 0.915529597526921 0.690855762878061 0.72779668718975 0.638111314332851 0.767971757904881 0.72732745140312 0.617466718202056 0.571978187842911 0.824268058005995 0.770793151081017 0.774512280768756 0.95835769709589 1.14018897538378
"MissClnton_1788.rtf" 1.8776935899388 1.24117531647601 1.71579157781363 1.7270816163891 1.54967688127503 1.40632836203963 1.76602764158539 1.77748860199034 1.31445645351147 1.75623796168681 1.67899860873417 1.51967418989189 0.81752846293953 1.36476236637108 1.64522267035089 1.13816067721542 1.8128766792114 1.4315451298492 0 0.922592242463909 1.64432603558157 1.52646978539792 1.32321172530318 0.980424299822547 1.84364820789026 1.39977486448263 1.42123324560214 1.77339029732032 1.32538679273388 0.810892245101596 1.27229962055667 1.26332256316979 1.55587664424263 1.47885910009364 1.43050106795308 1.49543667990595 1.26755772162229 1.60082088371723 1.495941343302 1.66688407290308 1.02806392224191 1.3484739617869 0.848111339235395 1.53276841360339 1.48340625194405 1.67594959967937 0.962857526181395 1.98435417741454 1.63177641883626 1.14817548421966 1.4292833123637 0.808047165651459 1.59387131311258 1.6445436079731 1.0545818625595 1.19288949027641 1.20616412122405 1.41759080486687 1.55272679100278 1.44209876825277 1.55033069651258 0.950210372029093 1.89235337914788 1.51905669198471 1.71779837580927 0.804006598146564 1.33783189656337 1.79527465280044 1.4597609686382 1.33360414161522 1.01369262622222 1.42602746688418 1.01179981292529 1.53721457809427 1.32615782715685 1.51635543129204 1.58046798632987 1.53119550680116 0.98173363820761 1.72800150981402 1.46687899691531 1.46188911264767 1.8340324692159 1.72540735889452 1.70127297817669 1.49125791171872 1.79801071781013 1.39230100460317 1.77916695371781 1.39788761129863 1.23231157513284 1.28189000455721 0.920980790407984
"MissClrk_1788.rtf" 1.77075392083387 1.0223921177289 1.67014786074228 1.6842544660899 1.55145739632607 1.30510792744697 1.63190318929767 1.70312777743885 1.29624927730176 1.67314967678409 1.52750105704934 1.4820603292709 0.743787533053206 1.21446262730994 1.54261800820251 0.998610776151442 1.6752640973953 1.36646904247333 0.922592242463909 0 1.49543719792346 1.33715657745266 1.31502851293443 0.636336993013148 1.78938444362843 1.39621048983528 1.30351091269312 1.64733052110583 1.32404914548236 0.881624686897722 1.17723442196578 1.15632429397819 1.59008841179154 1.32396093078313 1.39842213338437 1.34013066840193 1.11591514770508 1.43026897511433 1.43767245997981 1.53682928393241 0.977448191066098 1.31996429055072 0.682766436751601 1.37943244956698 1.46871598163837 1.66589147986568 0.932057941678508 1.88606702206784 1.55242590649322 0.982197321611258 1.40172425620216 0.604794986255942 1.514145495058 1.49524763306592 1.05850418775237 0.980647864559291 1.05561301822116 1.31830156414414 1.42307176171195 1.38652778700879 1.53234275403387 0.778290460775178 1.74029191782737 1.48661778799768 1.70437831820033 0.768997098580728 1.31547496755606 1.63858044577176 1.2358424677839 1.40649792858195 0.93435634310652 1.42449974336386 1.05000074156939 1.40095717360217 1.17104870786679 1.46189625791892 1.60354357177703 1.47460133904527 0.962858545256996 1.63158931164693 1.24758371832959 1.38315213492582 1.73140833465937 1.64728962841721 1.71742188472779 1.48648780341339 1.70797397628807 1.34089216301203 1.84471028562688 1.32976733303194 1.18460472685414 1.30235208966638 0.920064713812383
"MissCp_1788.rtf" 0.548209651229037 0.832403264456918 0.43896004281125 0.451472864352409 0.60648598895448 0.716323495447183 0.372278735231584 0.430980651259453 0.723833949570205 0.471176328481032 0.723357552025929 0.581679638757293 1.25943233562126 0.69037241544917 0.373040019519972 0.736552895056148 0.44741555126383 0.520441798155821 1.64432603558157 1.49543719792346 0 0.578926735333438 0.632364429123943 1.63722759721115 0.546972530806064 0.680114792470871 0.750935528779978 0.440409591133949 0.708246824219023 1.18665695880774 0.783662375958465 0.951190670220122 0.594149920693473 0.711625148183486 0.728125006880682 0.529552741789893 0.724871983296469 0.408393786239633 0.472338766277924 0.35374700157651 1.28860596303648 0.719924776961235 1.2497783532264 0.553685790308728 0.639897073539251 0.447739785591646 1.23591197374334 0.60412037925719 0.530489798837596 1.15278011428776 0.670461287894112 1.06631122656298 0.531394880832022 0.307462595793552 1.22305701555609 1.03452473586055 0.787393143503741 1.03273982321019 0.544837873820315 0.736018281914328 0.517776135046884 1.16105921023007 0.495670601096309 0.431742125762888 0.457404203598535 1.14834013869426 0.768291473559371 0.406678922663279 0.71418572162887 0.95093937531409 0.889319068582238 0.663396894192179 1.47092352832048 0.446322101223681 1.14536616056988 0.37005043497821 0.38449407781136 0.467453995586428 0.939972641723407 0.437970004412036 0.829190631720718 0.72498420438042 0.514356775230001 0.400422719245033 0.490607111373428 0.730779886014355 0.426731430626866 0.744933022716142 0.695527920235211 0.857305984939001 0.832320251912065 1.12434653633727 1.20691113112327
"MissCpr_1788.rtf" 0.856811599390248 0.745276606350792 0.691410395076148 0.655566573259011 0.437186012684346 0.570196396606798 0.673142064464353 0.773717392265742 0.58471937076805 0.75760062532125 0.588813229738619 0.594302680064537 1.16843318556363 0.658497383487403 0.573074905496637 0.653925972536698 0.726654940491883 0.49626261260953 1.52646978539792 1.33715657745266 0.578926735333438 0 0.526474493822796 1.50562871823004 0.751620267256146 0.50729135550817 0.608654145382625 0.778711416264577 0.597546001172473 1.02688165232165 0.667749024222748 0.797192652688412 0.595916343982164 0.493692075919212 0.564945288137066 0.447817803544181 0.623536600907857 0.541372988215809 0.500726567723728 0.660278170260943 1.01209018049998 0.559441942218411 1.03561699142974 0.453800047864853 0.464858597569362 0.70143752099656 1.11269184161749 0.940132327372808 0.514020101104319 0.96565497446827 0.489117569912786 1.01735851979574 0.613200116810698 0.643972702760404 1.0761985129669 0.881457870334223 0.701877136002133 0.856406388988241 0.532845046476769 0.565314012044043 0.66712161060079 1.03623649467216 0.71900868809202 0.637860554059404 0.809904446430521 1.049579270202 0.554614493656634 0.614781323971335 0.676830038134045 0.854312376867189 0.805166461566388 0.609265398453734 1.30168377465232 0.55354174194429 0.907992464117392 0.616552612252865 0.71814149564466 0.610477042613518 0.86191877126521 0.645573653589429 0.776354461110132 0.740102692164195 0.892508252831569 0.694312246343404 0.694163851569221 0.521719890722702 0.781432350060543 0.644884617034 0.933459818604818 0.711462272715521 0.76912627538563 0.876310398966241 1.12308738182441
"MissCrbt_1788.rtf" 0.8440323806558 0.855740679160321 0.777118214580305 0.775727977719629 0.587912932648964 0.668795129886781 0.731823934470833 0.809786490590477 0.573536474698628 0.829207552978431 0.646774854354673 0.552669075588949 1.20395271156423 0.664579885629632 0.635583792811837 0.687276653266081 0.777862241077677 0.508901666562869 1.32321172530318 1.31502851293443 0.632364429123943 0.526474493822796 0 1.42714414572996 0.820654680501048 0.547823033683522 0.760758030913256 0.698572128682482 0.512634759060979 1.06439806867908 0.590291477297708 0.882981693725974 0.569833798389937 0.664984509853805 0.632236906342515 0.552198913324305 0.739931215329146 0.612777719252364 0.466522117088562 0.764553309269617 1.19616797476881 0.672848699518384 1.19877988919519 0.430458729931751 0.580009055056222 0.744892233002769 1.205616145887 0.951169922455432 0.53776013952382 1.05617065872057 0.556342423622967 1.16725666595672 0.528329447386937 0.648035395198345 1.13338171023795 0.993070399180027 0.781083121305725 0.901713398199676 0.609949881627271 0.695449796161604 0.616212862987089 1.06096453791446 0.904310214683008 0.492550153777448 0.747252157944505 1.02141849910108 0.731430691164476 0.711150260369164 0.667337683859347 0.806627987680068 0.805048892100408 0.640806991956309 1.40345866922196 0.607332433544051 1.07292751013518 0.539339101594771 0.666041355260046 0.625801130582229 0.806591796215348 0.764591995018584 0.865585562771333 0.614598757248335 0.814924193655116 0.759824114745544 0.794633416858747 0.562843103022299 0.8232694463384 0.686765116814189 0.803722307997595 0.825264189552611 0.734684308740602 0.95214305282925 1.14260789329778
